country	time	s_hat	s_var	C_ba45_bst	C_ba2_bst	C_ba45_ba1	C_ba2_ba1	C_ba45_ba2	C_ba2_ba2	C_ba45_ba45	C_ba2_ba45
BELGIUM	44690	0.114	4.73e-05	0.3125683483993538	0.4389077923742557	0.016131317545528958	0.03797249094063921	0.02966180812124651	0.04463229446878636	0.0001264145338406981	0.00013695262702419857
BELGIUM	44697	0.107	1.89e-05	0.29792081630865275	0.42621501213423774	0.014825965382392657	0.03565290408206304	0.029608748854584248	0.04537148297230757	0.0002179201664936562	0.00023471830152722875
BELGIUM	44704	0.103	1.05e-05	0.28369902120057555	0.4134739986701419	0.013606325421902338	0.03339576797097824	0.02923546192646789	0.0456813920378267	0.000370792709950313	0.0003980444211301079
BELGIUM	44711	0.099	7e-06	0.27109535479093283	0.40195045213680175	0.012470706267253853	0.031211002321786748	0.02857226954037242	0.04558704711402208	0.0005983749385294895	0.0006414682071096932
BELGIUM	44718	0.094	6.1e-06	0.2618870358044578	0.393564565318608	0.011416436702391931	0.029106397978798507	0.027805742035329237	0.045314853132613284	0.0010157738379029434	0.0010873707520316126
BELGIUM	44725	0.087	5.7e-06	0.2540912936458736	0.3861821257767442	0.01043994217118691	0.02708753055758915	0.02693360296777903	0.04485374905439824	0.0016927508807458133	0.0018107947844318367
BELGIUM	44732	0.085	7.4e-06	0.24459907541759232	0.376452401208403	0.009537484046400063	0.02515881095307058	0.025992939654663122	0.04424435685090739	0.002839033295412115	0.0030357063882141323
BELGIUM	44739	0.08	1.08e-05	0.2337378674801257	0.36472591880795585	0.008705275582817803	0.023323584122855713	0.024979497262562333	0.04347504883068294	0.0046897529040209485	0.00501390684129245
BELGIUM	44746	0.076	1.62e-05	0.22165855321391828	0.35116873759704686	0.007939141106318976	0.021583520621417766	0.023896881240269608	0.042545422959247806	0.007343279620539171	0.007854206735045343
BELGIUM	44753	0.069	2.82e-05	0.20946125665538926	0.3369840992139437	0.007234988618078266	0.019939366062070054	0.02274340048368045	0.041449419767254636	0.010591253182362637	0.011341727645956496
BELGIUM	44760	0.058	3.98e-05	0.197706226490687	0.3228048106255912	0.006588538019971733	0.01839050934484013	0.02152723250658798	0.040194356632600486	0.013803580157408747	0.014813954472821324
CA	44695	0.095	8.4e-06	0.18654125830813706	0.25971622750646856	0.01519010576966296	0.03630971594036686	0.029659091445262513	0.045206336377013816	0.00018760790340871167	0.00020231820864564188
CA	44702	0.089	3.5e-06	0.17969901233661614	0.25380275779062117	0.013946111822676244	0.03403364761580245	0.029373722146862395	0.04563585066671887	0.0003212079994504059	0.0003450324086698036
CA	44709	0.085	1.9e-06	0.17353705776168993	0.24836176477333582	0.012786740483727806	0.031827351951155956	0.028782307404518318	0.04564440042139034	0.0005265383493343171	0.000564563992069613
CA	44716	0.085	1.1e-06	0.16697441993109574	0.24222553443431008	0.0117095636365308	0.029699191636790072	0.02804039328018747	0.04541759064224525	0.0008846949503650642	0.000947188130264989
CA	44723	0.084	8e-07	0.16097407160695099	0.2364289640461375	0.010711223955714569	0.02765532801244023	0.02719715416339708	0.04500956780817273	0.0014922129028757895	0.00159608320545878
CA	44730	0.083	6e-07	0.1548836093665651	0.23026966826854675	0.009787968651400728	0.02570041730258417	0.026263714158707083	0.044427548837081735	0.00247612584855661	0.0026475429566491944
CA	44737	0.079	6e-07	0.1487091448757325	0.22375754598632175	0.008936107889187774	0.023838249611160257	0.025270181032565103	0.04370332983554834	0.004093780717248808	0.004376384230864585
CA	44744	0.074	8e-07	0.14295999769194948	0.2174537526146688	0.008151501072153887	0.02207085543310994	0.024203222246246436	0.04281475292657455	0.006486924564956003	0.006937003248395374
CA	44751	0.069	1.1e-06	0.1369367178777125	0.21061428821355557	0.007430093913153729	0.02039934378848681	0.023072403000357056	0.04176975598821126	0.009617662657530425	0.010294695115449113
CA	44758	0.067	1.8e-06	0.1309075953940568	0.20354167335838824	0.006767593484881801	0.018823381189056364	0.021876204384427007	0.04056303904607927	0.012949695831217453	0.013886954174220112
CA	44765	0.068	3.2e-06	0.12502681305449706	0.1964167514034754	0.0061598743612780935	0.017341878683633686	0.02062660625407118	0.03920757511770552	0.015721112828569236	0.01690907358770248
CA	44772	0.068	5.3e-06	0.11937171760262678	0.1893434246023109	0.005603126486837023	0.01595329632120661	0.019369657832816634	0.03776142467093267	0.017953161302252885	0.019381768834269432
CA	44779	0.069	7.4e-06	0.11358643891226537	0.18195585135007908	0.005093754313225037	0.014655554702854073	0.018128549058901017	0.03625538739951014	0.019599100427810635	0.021253453678294124
CANADA	44707	0.115	1.36e-05	0.287822375074085	0.3915477631633274	0.013109405626439476	0.032449956671810526	0.028948231304791457	0.045642050461442346	0.00045248627169152994	0.0004854453501300581
CANADA	44714	0.106	6.1e-06	0.2862780928217293	0.39279732651856536	0.012009059562161098	0.030298764242946825	0.02822908835743301	0.045457695266518335	0.0007416320634449584	0.0007945876640576867
CANADA	44721	0.098	3.6e-06	0.2774867340465286	0.38593637336574	0.010988545347925784	0.028230247983164966	0.02738979819975183	0.04507049088445972	0.0012092585198133303	0.0012947247818993139
CANADA	44728	0.093	2.4e-06	0.2685228109641355	0.3785105405210085	0.010044283803484096	0.026249605276032612	0.026522280645964333	0.04458993991850725	0.0021181787085409074	0.002265276492982207
CANADA	44735	0.088	1.9e-06	0.25934656628251684	0.3704596480870062	0.0091724314325965	0.02436066065617997	0.025546364110500257	0.0439074833115203	0.0034943297426866084	0.0037362997998473895
CANADA	44742	0.081	2e-06	0.24903583463188592	0.3607805761415686	0.008369005170587989	0.02256600019518119	0.024499421276387802	0.04306514857827091	0.005609912429112931	0.005999598110697486
CANADA	44749	0.075	2.8e-06	0.24081121729075022	0.35292934446335206	0.007629985664316795	0.020867092203615618	0.0233951198696862	0.04207574888411516	0.00856149320576226	0.009162396536196264
CANADA	44756	0.074	4.9e-06	0.23318019507782003	0.345324024165464	0.006951095304957253	0.01926392879851	0.022220991602828925	0.04091982742449281	0.0119279680482436	0.012784546110714029
CANADA	44763	0.08	1.01e-05	0.22836341465754473	0.3403720938710995	0.006328120318900116	0.017755565732489802	0.020984288311387957	0.039604006352603104	0.014900690508346482	0.016013205687184843
CANADA	44770	0.081	1.33e-05	0.22749784817796054	0.3393346404771392	0.005757188345160839	0.016340629526488664	0.019727658924265503	0.038181432103296	0.017323967498286227	0.018682306188161062
CANADA	44777	0.081	2e-05	0.22048458521192027	0.33136682599119965	0.005234643430698331	0.015017188139199701	0.018480223247059727	0.0366899953617	0.01913480490217628	0.02072326999395558
FINLAND	44701	0.119	8.65e-05	0.3014228868258836	0.40901264067588183	0.014118539497641726	0.03435465219252669	0.029412730921890062	0.04557380698549159	0.0002949992929227633	0.0003170633655861789
FINLAND	44708	0.1	3.12e-05	0.299876550527349	0.41057669456083157	0.012947249250044967	0.03213789807199728	0.02887606788807225	0.04565737733063123	0.0004919105329747994	0.0005275221898613086
FINLAND	44715	0.093	1.58e-05	0.28886916462643036	0.40158540087334893	0.011858508133124133	0.02999813497768194	0.028139144228676888	0.045443737106440125	0.0008122041516158323	0.0008698433229772595
FINLAND	44722	0.089	1.41e-05	0.27869188864988587	0.3930775383304691	0.010849119154879473	0.027941895538008712	0.027299314416916822	0.045048005326421836	0.0013554718495111533	0.0014503476176571004
FINLAND	44729	0.082	1.15e-05	0.2714629345691216	0.38733114401480995	0.009915391024221223	0.025974066824452784	0.026397236569978527	0.04451478925150023	0.0023049923301345604	0.0024646141266290327
FINLAND	44736	0.076	1.2e-05	0.26321877388484205	0.3800720042015825	0.00905358006737993	0.024098493821390937	0.025411977463963367	0.04381082450461817	0.0037951779158567098	0.00405739619723794
FINLAND	44743	0.069	1.44e-05	0.2519799325954275	0.36914408453122094	0.008259610034939347	0.022317461946874975	0.024354152609741206	0.04294430251838207	0.0060537557343217155	0.006473744265882095
FINLAND	44750	0.066	2.04e-05	0.24165889878643557	0.35875610429720556	0.00752943652953828	0.020632247587907496	0.02323536508053338	0.04192558477058141	0.009094680119368474	0.00973369306360858
FINLAND	44757	0.062	2.92e-05	0.23247066471476965	0.34915100555218875	0.006858783173131167	0.01904269420014951	0.022049873661446413	0.040743876528865484	0.01245749901914339	0.01335522081299742
FINLAND	44764	0.068	6.35e-05	0.22577619926781883	0.34182666064484357	0.006243474125090647	0.017547774418720116	0.020805945635271612	0.03940725554760708	0.015327167148330491	0.016478098853787045
FINLAND	44771	0.073	0.0001404	0.21933097274841187	0.3343950379604452	0.005679672038768674	0.016146037046668674	0.019548720952145243	0.03797232837993885	0.01765730785881938	0.019051641507404304
FRANCE	44689	0.113	1.17e-05	0.28174644607542676	0.39027879392706677	0.01632493592957455	0.03830843408686036	0.029669399550794624	0.044525522080050534	0.00011829151248075229	0.0001282532089380973
FRANCE	44696	0.113	6.4e-06	0.27182373740200594	0.3824292466893999	0.01500719558547412	0.03598074747729238	0.029649760986768917	0.04530926930996154	0.0002034843005645211	0.0002192726163810086
FRANCE	44703	0.111	3.9e-06	0.2617283999932422	0.3739960951705124	0.01377536722077474	0.033713996735853215	0.02931240498883073	0.045668906444029746	0.0003465448350092675	0.00037210272633654605
FRANCE	44710	0.104	2.4e-06	0.25081463223428774	0.3642569596274446	0.012627874381252005	0.03151834518413949	0.028674308906200947	0.04561240230662312	0.0005602485670878581	0.0006006670122038574
FRANCE	44717	0.093	1.7e-06	0.24080545176395646	0.3550485037251986	0.011562193996352088	0.029401914895931643	0.027925632055793695	0.04537003220181677	0.0009526451459875449	0.0010197972015341878
FRANCE	44724	0.086	1.5e-06	0.2307780416016549	0.34536911455710373	0.010574830446866358	0.027370527902292403	0.02707261851658631	0.04494149343708709	0.0016047119216187	0.001716314959032164
FRANCE	44731	0.083	1.7e-06	0.22156059137359324	0.3361122006822568	0.009662024304611565	0.02542869639816692	0.026141734193281158	0.044353683950110794	0.0026845150775931395	0.002870001518851131
FRANCE	44738	0.079	2.8e-06	0.21336249417410086	0.3275118810054316	0.00882004190643293	0.023579996093478644	0.025140662066581658	0.04361004596357598	0.004457028279735866	0.004763962543724386
FRANCE	44745	0.076	4.3e-06	0.20838967203206005	0.3219716501043144	0.008044712859701706	0.021826257860106058	0.024061717267169446	0.042695694640554976	0.006998299022535026	0.00748331011822566
FRANCE	44752	0.071	8.2e-06	0.20584361282878744	0.31867282732680074	0.007331983663835697	0.02016844080848506	0.022917047276832556	0.04162202430650555	0.010211848035527998	0.010931440658457766
FRANCE	44759	0.068	1.56e-05	0.2010012797801048	0.31255490438154904	0.0066775289636071666	0.018606009262421373	0.021705939779780692	0.040384893115868244	0.013424556392014994	0.014400858107169068
GERMANY	44692	0.114	4.6e-06	0.33952372812884474	0.46928773703000337	0.01574882723584283	0.03730285487282457	0.02953400106262444	0.04470137391749974	0.00013933208353580795	0.00015085310971412385
GERMANY	44699	0.116	2.3e-06	0.32711222104762117	0.45920155006362406	0.014468411184796057	0.03500052293102069	0.02942196795061075	0.0453607673404225	0.00024027580492417955	0.00025875726521612687
GERMANY	44706	0.117	1.5e-06	0.31446124175084483	0.4483695715699032	0.01327318237699484	0.032763448525695224	0.028996171343064817	0.04559517570244753	0.0004080814203021342	0.0004381423337880249
GERMANY	44713	0.109	9e-07	0.3004148614575765	0.4355148560502351	0.01216119719966359	0.030601012798870408	0.028308191292226687	0.04545692690508323	0.0006664020617895296	0.0007144731335024347
GERMANY	44720	0.097	6e-07	0.2869635432507971	0.4227660858663805	0.011129534331047948	0.028520406366824742	0.027496437478673034	0.04511243946808934	0.0011016503832106215	0.0011799978994654658
GERMANY	44727	0.082	6e-07	0.273988441673734	0.40998690759162354	0.010174631800289905	0.026526980412170203	0.02663625958074489	0.044649755859505924	0.0019152934494617148	0.0020491269530057716
GERMANY	44734	0.073	1e-06	0.2611006764624285	0.39676007394691903	0.009292619982550626	0.024624657588027614	0.02566476760985668	0.04398244909317553	0.0031258564079818937	0.0033440430112683145
GERMANY	44741	0.071	1.6e-06	0.2491297779357516	0.3839931257799228	0.008479695281545283	0.022816463047424917	0.024633017407797622	0.04316968085896846	0.005090164153556637	0.005445675651139183
GERMANY	44748	0.071	3e-06	0.237238291419135	0.37080138155027753	0.007731704613091894	0.021103799878046874	0.023542085580558855	0.04220808992111512	0.007873595347630004	0.00842818752328468
GERMANY	44755	0.07	5.2e-06	0.22598926968747216	0.3578156160689653	0.0070444929305312765	0.019487009775210295	0.02238257521820015	0.041082030063333407	0.011223451411956653	0.012029572953525828
GERMANY	44762	0.068	8.7e-06	0.21523156526285825	0.34490695603885574	0.006413778922492945	0.017965184888473176	0.021157869773426395	0.03979304673307879	0.014317679921835323	0.015383449160482976
ITALY	44691	0.105	3.34e-05	0.3569014855804558	0.48833145246210274	0.015939184922070273	0.03763712917360083	0.029591275657097578	0.04465863229747601	0.00013193628681519077	0.00014290989249004897
ITALY	44698	0.115	2.15e-05	0.34420890133363097	0.47860036899142594	0.014646319047746603	0.035326066684632104	0.029508951983345688	0.045358318772191514	0.0002272259108584623	0.00024475466628656083
ITALY	44705	0.116	1.66e-05	0.33112166305411617	0.46796864839483454	0.013438904717447816	0.03307886484632007	0.02911374235817696	0.04563609670007131	0.0003875792354342415	0.0004161217419205666
ITALY	44712	0.104	9.9e-06	0.31779766067441595	0.45656845050545225	0.012315129157791494	0.03090518426044174	0.02843683719002116	0.04551820384520864	0.0006274100517307887	0.0006726950151757866
ITALY	44719	0.094	5.8e-06	0.30308448495582396	0.4431229810280673	0.011272207128070012	0.02881253560049733	0.027655917024754662	0.045220416671495615	0.0010622788044436175	0.0011374315905605835
ITALY	44726	0.088	4.5e-06	0.28898266369007275	0.4297645612935119	0.010306552100030111	0.026806353833288166	0.02678708915282914	0.04475516492750384	0.0017998714236385203	0.0019255248157618243
ITALY	44733	0.085	5.1e-06	0.27493783196326865	0.4158848008380241	0.009414359090276955	0.024890805348158514	0.025826254178738652	0.04411083102209765	0.0029575925554562897	0.0031635491560094414
ITALY	44740	0.083	6.1e-06	0.26118250453385133	0.40173185726772576	0.008591831704824415	0.023069073657886026	0.02480416812300022	0.04332049029607056	0.004867537066451868	0.005206003640502262
ITALY	44747	0.08	1.11e-05	0.24785511393103213	0.3874624785839647	0.007834796569798345	0.021342681038434768	0.023719263523668717	0.04237729015769858	0.0075937769521352	0.008125572123445765
ITALY	44754	0.075	1.92e-05	0.23552555453071464	0.3737083442598629	0.007139140529730666	0.019712187861969058	0.02256203784757177	0.04126534808704654	0.010880401872724746	0.011657006283633293
ITALY	44761	0.072	3.42e-05	0.22675729699833674	0.36326930940307034	0.006500607179717397	0.01817687364339504	0.021342273017739364	0.039994190443011064	0.014041163154853901	0.015077973039860365
ITALY	44768	0.065	4.77e-05	0.21943920360403338	0.3539244963011914	0.005915212447979654	0.016735457307659865	0.020086537090722553	0.03859598408134281	0.016627314319343917	0.01791330999309993
NETHERLANDS	44688	0.111	4.07e-05	0.2803131717409915	0.38427633458781413	0.016520158746855338	0.03864511455669954	0.029641391594669997	0.04437329109066705	0.00010953375939300125	0.0001188905370517006
NETHERLANDS	44695	0.1	1.66e-05	0.26810616576330265	0.37461290048693674	0.01519010576966296	0.03630971594036686	0.029659091445262513	0.045206336377013816	0.00018760790340871167	0.00020231820864564188
NETHERLANDS	44702	0.1	9e-06	0.2559198098733258	0.3645567297966591	0.013946111822676244	0.03403364761580245	0.029373722146862395	0.04563585066671887	0.0003212079994504059	0.0003450324086698036
NETHERLANDS	44709	0.096	6.7e-06	0.24361538140705008	0.35391958758723	0.012786740483727806	0.031827351951155956	0.028782307404518318	0.04564440042139034	0.0005265383493343171	0.000564563992069613
NETHERLANDS	44716	0.091	5.6e-06	0.23137966399065824	0.3428709653543901	0.0117095636365308	0.029699191636790072	0.02804039328018747	0.04541759064224525	0.0008846949503650642	0.000947188130264989
NETHERLANDS	44723	0.081	5e-06	0.21918446685992887	0.33135671279382595	0.010711223955714569	0.02765532801244023	0.02719715416339708	0.04500956780817273	0.0014922129028757895	0.00159608320545878
NETHERLANDS	44730	0.076	6.5e-06	0.20747314298277691	0.3198408615967084	0.009787968651400728	0.02570041730258417	0.026263714158707083	0.044427548837081735	0.00247612584855661	0.0026475429566491944
NETHERLANDS	44737	0.074	9e-06	0.19630550176269757	0.3083854007975169	0.008936107889187774	0.023838249611160257	0.025270181032565103	0.04370332983554834	0.004093780717248808	0.004376384230864585
NETHERLANDS	44744	0.083	1.87e-05	0.18536258020781998	0.29665214551971714	0.008151501072153887	0.02207085543310994	0.024203222246246436	0.04281475292657455	0.006486924564956003	0.006937003248395374
NETHERLANDS	44751	0.09	3.84e-05	0.17474830286877954	0.2847665630868216	0.007430093913153729	0.02039934378848681	0.023072403000357056	0.04176975598821126	0.009617662657530425	0.010294695115449113
NORWAY	44694	0.117	8.73e-05	0.26999841795682367	0.380511535613749	0.015374727089602956	0.03663982269312783	0.02964853752634457	0.04507780101630563	0.00017192417874333985	0.00018558096482298777
NORWAY	44701	0.114	4.14e-05	0.25767351720426246	0.36996555777642637	0.014118539497641726	0.03435465219252669	0.029412730921890062	0.04557380698549159	0.0002949992929227633	0.0003170633655861789
NORWAY	44708	0.113	2.33e-05	0.24558830366688011	0.3592229552740589	0.012947249250044967	0.03213789807199728	0.02887606788807225	0.04565737733063123	0.0004919105329747994	0.0005275221898613086
NORWAY	44715	0.103	1.48e-05	0.23379936133100127	0.34832092519795715	0.011858508133124133	0.02999813497768194	0.028139144228676888	0.045443737106440125	0.0008122041516158323	0.0008698433229772595
NORWAY	44722	0.088	1.11e-05	0.22183405378055496	0.33673407225934543	0.010849119154879473	0.027941895538008712	0.027299314416916822	0.045048005326421836	0.0013554718495111533	0.0014503476176571004
NORWAY	44729	0.076	1.41e-05	0.2103594531462811	0.32517218791803165	0.009915391024221223	0.025974066824452784	0.026397236569978527	0.04451478925150023	0.0023049923301345604	0.0024646141266290327
NORWAY	44736	0.073	2.37e-05	0.19933146155223258	0.313589906391775	0.00905358006737993	0.024098493821390937	0.025411977463963367	0.04381082450461817	0.0037951779158567098	0.00405739619723794
NORWAY	44743	0.07	3.52e-05	0.18879132211367838	0.30204069823331425	0.008259610034939347	0.022317461946874975	0.024354152609741206	0.04294430251838207	0.0060537557343217155	0.006473744265882095
NORWAY	44750	0.068	4.18e-05	0.18052365002905185	0.29246888437951335	0.00752943652953828	0.020632247587907496	0.02323536508053338	0.04192558477058141	0.009094680119368474	0.00973369306360858
NORWAY	44757	0.061	5.62e-05	0.17287063865217583	0.2831244160998853	0.006858783173131167	0.01904269420014951	0.022049873661446413	0.040743876528865484	0.01245749901914339	0.01335522081299742
NORWAY	44764	0.05	8.32e-05	0.16550519713848993	0.27368585318778976	0.006243474125090647	0.017547774418720116	0.020805945635271612	0.03940725554760708	0.015327167148330491	0.016478098853787045
NORWAY	44771	0.041	0.0001268	0.15888135125653338	0.2646809363742456	0.005679672038768674	0.016146037046668674	0.019548720952145243	0.03797232837993885	0.01765730785881938	0.019051641507404304
NORWAY	44778	0.033	0.0001479	0.1530089427839804	0.2561628962875019	0.005163747411062255	0.014835469442149715	0.0183041269081976	0.036473156298570654	0.019377508390617602	0.020999340127862684
NORWAY	44785	0.025	0.0001733	0.14841504351863183	0.24874795856447676	0.004692184441151306	0.013613424930249708	0.017090275443802302	0.03493528595888928	0.020657372778700868	0.022498153435398592
NY	44702	0.11	8.6e-06	0.16015940004810808	0.23161873911096237	0.013946111822676244	0.03403364761580245	0.029373722146862395	0.04563585066671887	0.0003212079994504059	0.0003450324086698036
NY	44709	0.106	3.9e-06	0.15308043872596522	0.2250518875019913	0.012786740483727806	0.031827351951155956	0.028782307404518318	0.04564440042139034	0.0005265383493343171	0.000564563992069613
NY	44716	0.103	2.2e-06	0.14610215413377894	0.21830477912979407	0.0117095636365308	0.029699191636790072	0.02804039328018747	0.04541759064224525	0.0008846949503650642	0.000947188130264989
NY	44723	0.1	1.5e-06	0.1399366276408675	0.2121412960708433	0.010711223955714569	0.02765532801244023	0.02719715416339708	0.04500956780817273	0.0014922129028757895	0.00159608320545878
NY	44730	0.094	1.4e-06	0.1325180412499934	0.20434061896299974	0.009787968651400728	0.02570041730258417	0.026263714158707083	0.044427548837081735	0.00247612584855661	0.0026475429566491944
NY	44737	0.089	1.6e-06	0.12640380700659848	0.19766136735388487	0.008936107889187774	0.023838249611160257	0.025270181032565103	0.04370332983554834	0.004093780717248808	0.004376384230864585
NY	44744	0.082	2.3e-06	0.12047848698466201	0.19091803552491612	0.008151501072153887	0.02207085543310994	0.024203222246246436	0.04281475292657455	0.006486924564956003	0.006937003248395374
NY	44751	0.075	3.8e-06	0.11420449113387506	0.1835429626610723	0.007430093913153729	0.02039934378848681	0.023072403000357056	0.04176975598821126	0.009617662657530425	0.010294695115449113
NY	44758	0.07	5.9e-06	0.10810887848860487	0.1761185087240431	0.006767593484881801	0.018823381189056364	0.021876204384427007	0.04056303904607927	0.012949695831217453	0.013886954174220112
NY	44765	0.068	1.06e-05	0.10220098069651173	0.1686762570075716	0.0061598743612780935	0.017341878683633686	0.02062660625407118	0.03920757511770552	0.015721112828569236	0.01690907358770248
NY	44772	0.066	1.71e-05	0.09645576261376843	0.16120871016109264	0.005603126486837023	0.01595329632120661	0.019369657832816634	0.03776142467093267	0.017953161302252885	0.019381768834269432
SPAIN	44688	0.109	2.61e-05	0.27092004045642215	0.373657143952881	0.016520158746855338	0.03864511455669954	0.029641391594669997	0.04437329109066705	0.00010953375939300125	0.0001188905370517006
SPAIN	44695	0.101	1.02e-05	0.2596970082820621	0.36454151145758523	0.01519010576966296	0.03630971594036686	0.029659091445262513	0.045206336377013816	0.00018760790340871167	0.00020231820864564188
SPAIN	44702	0.095	5.3e-06	0.24853478814207033	0.35509901172088404	0.013946111822676244	0.03403364761580245	0.029373722146862395	0.04563585066671887	0.0003212079994504059	0.0003450324086698036
SPAIN	44709	0.092	3e-06	0.2373741178552038	0.3452380519641878	0.012786740483727806	0.031827351951155956	0.028782307404518318	0.04564440042139034	0.0005265383493343171	0.000564563992069613
SPAIN	44716	0.088	2.4e-06	0.2263926177509561	0.33512867803940694	0.0117095636365308	0.029699191636790072	0.02804039328018747	0.04541759064224525	0.0008846949503650642	0.000947188130264989
SPAIN	44723	0.084	2.3e-06	0.21566368669081373	0.32483657570218927	0.010711223955714569	0.02765532801244023	0.02719715416339708	0.04500956780817273	0.0014922129028757895	0.00159608320545878
SPAIN	44730	0.079	2.8e-06	0.20517099523605495	0.31433742273137866	0.009787968651400728	0.02570041730258417	0.026263714158707083	0.044427548837081735	0.00247612584855661	0.0026475429566491944
SPAIN	44737	0.071	3.4e-06	0.19489443651301486	0.3036103598776481	0.008936107889187774	0.023838249611160257	0.025270181032565103	0.04370332983554834	0.004093780717248808	0.004376384230864585
SPAIN	44744	0.06	4.6e-06	0.1849119647716635	0.2927464059975879	0.008151501072153887	0.02207085543310994	0.024203222246246436	0.04281475292657455	0.006486924564956003	0.006937003248395374
SPAIN	44751	0.053	6.8e-06	0.17535660457909658	0.28190478500920485	0.007430093913153729	0.02039934378848681	0.023072403000357056	0.04176975598821126	0.009617662657530425	0.010294695115449113
SPAIN	44758	0.048	1.05e-05	0.16601976978840308	0.27088196834242684	0.006767593484881801	0.018823381189056364	0.021876204384427007	0.04056303904607927	0.012949695831217453	0.013886954174220112
SPAIN	44765	0.039	1.53e-05	0.15680261242087415	0.259597326902913	0.0061598743612780935	0.017341878683633686	0.02062660625407118	0.03920757511770552	0.015721112828569236	0.01690907358770248
SPAIN	44772	0.035	2.19e-05	0.14774100305907334	0.24811924137628044	0.005603126486837023	0.01595329632120661	0.019369657832816634	0.03776142467093267	0.017953161302252885	0.019381768834269432
SPAIN	44779	0.027	3e-05	0.1388517768531619	0.23650046394685637	0.005093754313225037	0.014655554702854073	0.018128549058901017	0.03625538739951014	0.019599100427810635	0.021253453678294124
SPAIN	44786	0.018	3.69e-05	0.130099220332518	0.22473861400697306	0.004628237738632739	0.013445889752574375	0.016920192535443714	0.034713671568069294	0.020814608164287336	0.022686454722915833
SPAIN	44793	0.016	5.02e-05	0.12176709591027211	0.21317871453694612	0.004203155923039094	0.012320971623622862	0.01575687991951411	0.033155806496694765	0.021721830669926286	0.023808084284255883
SPAIN	44800	0.015	6.64e-05	0.11388173760953384	0.20189069412776647	0.003815417577632534	0.011277367341786958	0.014644439106593013	0.031594050579303465	0.022444925980186117	0.024748390055243662
SPAIN	44807	0.025	9.63e-05	0.10637893308063605	0.19084616316067746	0.0034620374171184225	0.010311265600931808	0.013585534560818215	0.030037341174546355	0.02299827674476406	0.025521435341969514
SWITZERLAND	44692	0.135	0.0001437	0.21671530536259742	0.30353865879130704	0.01574882723584283	0.03730285487282457	0.02953400106262444	0.04470137391749974	0.00013933208353580795	0.00015085310971412385
SWITZERLAND	44699	0.121	4.4e-05	0.20701912778578685	0.29545880428697313	0.014468411184796057	0.03500052293102069	0.02942196795061075	0.0453607673404225	0.00024027580492417955	0.00025875726521612687
SWITZERLAND	44706	0.107	1.93e-05	0.19726978517722113	0.28695668291803444	0.01327318237699484	0.032763448525695224	0.028996171343064817	0.04559517570244753	0.0004080814203021342	0.0004381423337880249
SWITZERLAND	44713	0.096	1.23e-05	0.1875156677542431	0.2780614229417759	0.01216119719966359	0.030601012798870408	0.028308191292226687	0.04545692690508323	0.0006664020617895296	0.0007144731335024347
SWITZERLAND	44720	0.085	1.14e-05	0.1778893308888357	0.26890036707137344	0.011129534331047948	0.028520406366824742	0.027496437478673034	0.04511243946808934	0.0011016503832106215	0.0011799978994654658
SWITZERLAND	44727	0.081	1.62e-05	0.16860914570466654	0.2596998486284526	0.010174631800289905	0.026526980412170203	0.02663625958074489	0.044649755859505924	0.0019152934494617148	0.0020491269530057716
SWITZERLAND	44734	0.081	2.38e-05	0.1596249371651504	0.2504050782415015	0.009292619982550626	0.024624657588027614	0.02566476760985668	0.04398244909317553	0.0031258564079818937	0.0033440430112683145
SWITZERLAND	44741	0.082	4.18e-05	0.1510589250559056	0.2411537313575681	0.008479695281545283	0.022816463047424917	0.024633017407797622	0.04316968085896846	0.005090164153556637	0.005445675651139183
SWITZERLAND	44748	0.085	8.53e-05	0.14302783435738578	0.23208512358096114	0.007731704613091894	0.021103799878046874	0.023542085580558855	0.04220808992111512	0.007873595347630004	0.00842818752328468
TX	44692	0.1	4.72e-05	0.10945375247169772	0.15581186533276456	0.01574882723584283	0.03730285487282457	0.02953400106262444	0.04470137391749974	0.00013933208353580795	0.00015085310971412385
TX	44699	0.087	1.76e-05	0.10554791160140728	0.15233239153484202	0.014468411184796057	0.03500052293102069	0.02942196795061075	0.0453607673404225	0.00024027580492417955	0.00025875726521612687
TX	44706	0.077	7.7e-06	0.10114879541464822	0.1481498319046583	0.01327318237699484	0.032763448525695224	0.028996171343064817	0.04559517570244753	0.0004080814203021342	0.0004381423337880249
TX	44713	0.074	3.9e-06	0.09735801068674492	0.14445008470231502	0.01216119719966359	0.030601012798870408	0.028308191292226687	0.04545692690508323	0.0006664020617895296	0.0007144731335024347
TX	44720	0.074	2.7e-06	0.09365217957709888	0.14066924826026878	0.011129534331047948	0.028520406366824742	0.027496437478673034	0.04511243946808934	0.0011016503832106215	0.0011799978994654658
TX	44727	0.077	2.2e-06	0.09004406801424175	0.13682603811248145	0.010174631800289905	0.026526980412170203	0.02663625958074489	0.044649755859505924	0.0019152934494617148	0.0020491269530057716
TX	44734	0.081	2.4e-06	0.0860021331540117	0.1323528962602436	0.009292619982550626	0.024624657588027614	0.02566476760985668	0.04398244909317553	0.0031258564079818937	0.0033440430112683145
TX	44741	0.079	2.7e-06	0.08480516573602799	0.13079801386547288	0.008479695281545283	0.022816463047424917	0.024633017407797622	0.04316968085896846	0.005090164153556637	0.005445675651139183
TX	44748	0.073	3.7e-06	0.08098997996240073	0.1262889748602211	0.007731704613091894	0.021103799878046874	0.023542085580558855	0.04220808992111512	0.007873595347630004	0.00842818752328468
TX	44755	0.067	5.9e-06	0.07750905160470181	0.12200747448810498	0.0070444929305312765	0.019487009775210295	0.02238257521820015	0.041082030063333407	0.011223451411956653	0.012029572953525828
TX	44762	0.067	1.11e-05	0.07452215240912774	0.1181403461346764	0.006413778922492945	0.017965184888473176	0.021157869773426395	0.03979304673307879	0.014317679921835323	0.015383449160482976
TX	44769	0.07	1.97e-05	0.07167942127928673	0.11432586018201542	0.00583565037209317	0.01653702310015949	0.019903890446152945	0.038385452486952874	0.016855454709026645	0.018170618006713622
USA	44696	0.094	1.3e-06	0.16203537465497317	0.22817244904687958	0.01500719558547412	0.03598074747729238	0.029649760986768917	0.04530926930996154	0.0002034843005645211	0.0002192726163810086
USA	44703	0.089	7e-07	0.15949500139101416	0.22632172613390217	0.01377536722077474	0.033713996735853215	0.02931240498883073	0.045668906444029746	0.0003465448350092675	0.00037210272633654605
USA	44710	0.087	3e-07	0.15663179607921035	0.22392470669238912	0.012627874381252005	0.03151834518413949	0.028674308906200947	0.04561240230662312	0.0005602485670878581	0.0006006670122038574
USA	44717	0.086	2e-07	0.1526880086812224	0.22015932921411593	0.011562193996352088	0.029401914895931643	0.027925632055793695	0.04537003220181677	0.0009526451459875449	0.0010197972015341878
USA	44724	0.086	2e-07	0.14873578017963074	0.21618555014018231	0.010574830446866358	0.027370527902292403	0.02707261851658631	0.04494149343708709	0.0016047119216187	0.001716314959032164
USA	44731	0.085	1e-07	0.14435710490192835	0.21155780895719645	0.009662024304611565	0.02542869639816692	0.026141734193281158	0.044353683950110794	0.0026845150775931395	0.002870001518851131
USA	44738	0.083	2e-07	0.13974632794887004	0.20649295940855114	0.00882004190643293	0.023579996093478644	0.025140662066581658	0.04361004596357598	0.004457028279735866	0.004763962543724386
USA	44745	0.078	2e-07	0.13509404022424779	0.20120692882961688	0.008044712859701706	0.021826257860106058	0.024061717267169446	0.042695694640554976	0.006998299022535026	0.00748331011822566
USA	44752	0.072	3e-07	0.13024000279421258	0.19553786787656816	0.007331983663835697	0.02016844080848506	0.022917047276832556	0.04162202430650555	0.010211848035527998	0.010931440658457766
USA	44759	0.069	5e-07	0.12685189213016138	0.19130309859761457	0.0066775289636071666	0.018606009262421373	0.021705939779780692	0.040384893115868244	0.013424556392014994	0.014400858107169068
USA	44766	0.068	8e-07	0.12369571741720393	0.18719553706300676	0.0060773125922276025	0.017137877186470564	0.020451158028593416	0.039011190611563946	0.016142024648590752	0.017368992184453556
USA	44773	0.065	1.3e-06	0.11998863408311754	0.18238618242255156	0.005527552587539748	0.015762418676511	0.01919345700837468	0.037552531184649594	0.018290319467525646	0.01975593849065434
USA	44780	0.061	1.7e-06	0.11583064144645364	0.1769934228408744	0.0050246577975615785	0.014477441257067519	0.017954903696513	0.036038499127505605	0.01985976128103136	0.02154920189358758
