country	time	s_hat	s_var	C_ba2_bst	C_ba1_bst	C_ba2_ba1	C_ba1_ba1	C_ba2_ba2	C_ba1_ba2
BELGIUM	44578	0.095	3.75e-05	0.46631664000103545	0.4499016242284444	0.02244208401990578	0.028471096289737045	0.0004627037923003983	0.00030564671339734307
BELGIUM	44585	0.083	1.51e-05	0.49198560408373476	0.47364163472869075	0.03324659106445224	0.04243351639682585	0.0012451445616857187	0.0008206579944160584
BELGIUM	44592	0.07	7e-06	0.503424749430156	0.4833325834786551	0.04325548650457456	0.055669487231916205	0.0026512535310338013	0.001737011865634803
BELGIUM	44599	0.064	4.4e-06	0.5086976909367984	0.48689110272490405	0.05031197395482667	0.06547971077958431	0.004626086759297748	0.0030055098743815307
BELGIUM	44606	0.062	3e-06	0.5152660753132398	0.4916331699763333	0.05514083630052741	0.07270262548652426	0.007433607884595225	0.004791201181797375
BELGIUM	44613	0.064	2.6e-06	0.5200723871035651	0.49456787203297353	0.056664509512387426	0.07594308924904619	0.009940848495034125	0.006322011739879302
BELGIUM	44620	0.074	2.8e-06	0.5249850343630943	0.4975318207552677	0.05678611394713383	0.07749524865811479	0.012758369175492685	0.008012298953608124
BELGIUM	44627	0.084	3.9e-06	0.5210228528890956	0.49174800629023474	0.05622291035677203	0.07821282833920369	0.01617244023185442	0.01005058702654903
BELGIUM	44634	0.09	6.1e-06	0.5157585719001964	0.48465108825641384	0.055293692601045594	0.07846892099378779	0.020832620822199242	0.012857631984921812
BELGIUM	44641	0.087	8.5e-06	0.5094687939198984	0.47652692031600447	0.053866900261885946	0.07807955120855263	0.02586144477480333	0.015824193702040336
BELGIUM	44648	0.079	1.31e-05	0.5022419073412339	0.46747772962762724	0.05202614117080488	0.07712546620390996	0.03069442178356649	0.0185688754724612
BELGIUM	44655	0.069	2.01e-05	0.49388583273185166	0.45733229046156815	0.049881346174403214	0.07572218289859318	0.03468847104861779	0.020667340618257268
BELGIUM	44662	0.064	4.15e-05	0.4841236482184208	0.4458393971833689	0.04755983708649463	0.07400915240554364	0.0377902767162036	0.022106682797839585
CA	44600	0.069	6e-06	0.2817243950566851	0.26868545388933096	0.05082854896657535	0.0662882518178233	0.004846347612072124	0.003141589236885023
CA	44607	0.071	3.7e-06	0.28395212921933355	0.26989707216423764	0.05532262124544578	0.07311701859781237	0.007656387607791584	0.004921124649958219
CA	44614	0.085	2.6e-06	0.28438380760710147	0.2693140632686608	0.056631411016631036	0.07610077210990572	0.010171172003816727	0.006450110256148668
CA	44621	0.101	2.1e-06	0.28475609602073154	0.2686441679198238	0.056636801919461965	0.07751267926070042	0.01299800622018129	0.008139036667043683
CA	44628	0.112	2.1e-06	0.28505050369480683	0.2678742182982792	0.05605120220514201	0.07820236670535403	0.01657885688942741	0.01028107115560279
CA	44635	0.113	2.2e-06	0.28257887272686905	0.2643822314364895	0.05506220702540206	0.07838160095674422	0.02128120769643025	0.013104233384606152
CA	44642	0.106	2.2e-06	0.2802669663192407	0.261043463097279	0.05358354708419126	0.07792187954390062	0.02627847007821008	0.016036261081611682
CA	44649	0.093	2.6e-06	0.2765109486406272	0.2562964304569268	0.05171115736910871	0.07691938092015667	0.03106995064565292	0.018740625962772556
CA	44656	0.087	3.7e-06	0.273120664709618	0.25192352200140417	0.04954424410687727	0.07547671220676061	0.034946182443275096	0.020749957860898595
CA	44663	0.085	5.2e-06	0.2696974763459288	0.24754356015837098	0.04721501232025043	0.07373982385631253	0.038024244029131	0.022166938809299246
CANADA	44604	0.119	1.21e-05	0.39173476384140204	0.3771684864803749	0.05429912659008794	0.07128854960366827	0.006755503496706287	0.004371256055887153
CANADA	44611	0.105	5.8e-06	0.39726479335440124	0.38138104054097693	0.056452776545914386	0.07528667412043685	0.009277968185181009	0.005926345836247495
CANADA	44618	0.084	2.7e-06	0.4002425441189817	0.3830223925205616	0.05687400589511066	0.07720050137526017	0.012015841620095257	0.007577791417040905
CANADA	44625	0.077	1.9e-06	0.40716202658450784	0.3884505088088675	0.05641228907037795	0.07804282291771214	0.015099878181234747	0.009409644207397013
CANADA	44632	0.075	1.6e-06	0.40506878699811255	0.3849922521262087	0.05561705000096635	0.07846913178507314	0.019511561296520354	0.012072439597920414
CANADA	44639	0.076	1.8e-06	0.4023834469266541	0.3809064753323189	0.05433181865940706	0.07826581322082798	0.024532207147596716	0.015059945400845716
CANADA	44646	0.077	2e-06	0.39984573954125774	0.3769244452771203	0.052588377521664245	0.07744944186003387	0.02942354681577461	0.017868994510190243
CANADA	44653	0.077	2.6e-06	0.3968786580740764	0.3724914253539804	0.05052027212872214	0.07616393473986363	0.033725107503169205	0.02019589264897262
CANADA	44660	0.077	3.8e-06	0.3960200122735487	0.37010117785283003	0.0482330291534526	0.07452101396121066	0.0369526873552453	0.021733664451560344
CANADA	44667	0.076	6.3e-06	0.399035726463974	0.37148667068761454	0.04585314575783595	0.07266162690423443	0.03968571733314121	0.022894239376403638
CANADA	44674	0.072	9.3e-06	0.4029742984092367	0.3737657981191096	0.043434956314188616	0.070640521292811	0.04162028466998281	0.023490964933258245
CANADA	44681	0.066	1.49e-05	0.4051735950647153	0.37434173448326397	0.041027009310087605	0.06850801739152221	0.04327667742909323	0.023888090339482863
FINLAND	44582	0.105	5.22e-05	0.35079241215807533	0.3398767838778694	0.0283038331868947	0.036031076695865014	0.0008368715313481782	0.0005525230355120459
FINLAND	44589	0.093	2.4e-05	0.3954571871588609	0.3826285146388149	0.03919746275155515	0.05025076115097051	0.001999348505960555	0.0013145963199926894
FINLAND	44596	0.079	1.42e-05	0.4210268162815008	0.40654406720160857	0.04775191671949963	0.06182429511804189	0.003771363334635485	0.002461398268810833
FINLAND	44603	0.065	9.2e-06	0.4347005102928362	0.41869896510955457	0.053692319043951324	0.07035536138269759	0.006338444981843566	0.004106755959253789
FINLAND	44610	0.056	6.9e-06	0.4383176787487832	0.42091869192178916	0.056228517144435775	0.07481393897112953	0.008869367659649097	0.005674613947666517
FINLAND	44617	0.053	6.1e-06	0.43815519337465414	0.4193636910073801	0.05684093201303294	0.07695861426086884	0.011553783409127645	0.007297227811685294
FINLAND	44624	0.052	6e-06	0.4364060311250957	0.4161902681922284	0.056463336428722456	0.07790387771234966	0.0145171547987221	0.00905537000341112
FINLAND	44631	0.055	8e-06	0.43535577235505346	0.4136433203958599	0.05573186813313244	0.07841065659074027	0.018737307979614353	0.011599805683414642
FINLAND	44638	0.06	1.2e-05	0.4351152656977466	0.41183461079297373	0.05452392979323853	0.07830768406746641	0.02370477146212187	0.014564443480788473
FINLAND	44645	0.074	2.04e-05	0.431960446695068	0.40712682325990945	0.05284367331453907	0.07757745494803449	0.028624896050432922	0.017405629219291924
FINLAND	44652	0.082	2.82e-05	0.4274816609641496	0.4010906128737251	0.050824730233336016	0.07636360633150799	0.033078368940863516	0.01984625533718593
FINLAND	44659	0.086	4.41e-05	0.4223354510493654	0.3943816740308918	0.04856335967541877	0.07476606543593621	0.036436811153897394	0.021479881357626903
FINLAND	44666	0.081	5.56e-05	0.4164517199888974	0.38694478100318686	0.04619462566005696	0.07293583994728121	0.03927170071161801	0.0227145906679443
FINLAND	44673	0.067	0.0001028	0.4096323551711479	0.37860155284218727	0.04377806597930766	0.07093374968631531	0.041248516417635	0.02334202705276349
FRANCE	44582	0.096	1.44e-05	0.40715313137249154	0.39219301370845616	0.0283038331868947	0.036031076695865014	0.0008368715313481782	0.0005525230355120459
FRANCE	44589	0.088	5.7e-06	0.42304918817716874	0.4065381468912887	0.03919746275155515	0.05025076115097051	0.001999348505960555	0.0013145963199926894
FRANCE	44596	0.088	2.8e-06	0.43396744281774396	0.41591693805129065	0.04775191671949963	0.06182429511804189	0.003771363334635485	0.002461398268810833
FRANCE	44603	0.088	1.9e-06	0.4434963456055987	0.42385163679359394	0.053692319043951324	0.07035536138269759	0.006338444981843566	0.004106755959253789
FRANCE	44610	0.093	1.3e-06	0.44906458207218836	0.4278293475136123	0.056228517144435775	0.07481393897112953	0.008869367659649097	0.005674613947666517
FRANCE	44617	0.094	1.4e-06	0.44859779916287346	0.4258332865407773	0.05684093201303294	0.07695861426086884	0.011553783409127645	0.007297227811685294
FRANCE	44624	0.091	1.4e-06	0.4457895586025706	0.4214950638423826	0.056463336428722456	0.07790387771234966	0.0145171547987221	0.00905537000341112
FRANCE	44631	0.087	2e-06	0.4406363030640771	0.4148236589851578	0.05573186813313244	0.07841065659074027	0.018737307979614353	0.011599805683414642
FRANCE	44638	0.081	3.4e-06	0.43549811178742387	0.4081428987058304	0.05452392979323853	0.07830768406746641	0.02370477146212187	0.014564443480788473
FRANCE	44645	0.073	5.7e-06	0.43045751362223655	0.4015441008107746	0.05284367331453907	0.07757745494803449	0.028624896050432922	0.017405629219291924
FRANCE	44652	0.068	8.7e-06	0.42531709269195406	0.3948460436399159	0.050824730233336016	0.07636360633150799	0.033078368940863516	0.01984625533718593
GERMANY	44553	0.059	9.54e-05	0.3563279861348832	0.3462413426221872	0.0017380961776143511	0.0021919551338169365	5.402898663319744e-06	3.303211229658981e-06
GERMANY	44560	0.094	5.93e-05	0.37798596780533533	0.36653237995183763	0.0037117295941790007	0.0046863698642014215	1.9322315562924572e-05	1.2572833140414239e-05
GERMANY	44567	0.089	1.66e-05	0.40096053561582295	0.3880075323259958	0.008411312906604403	0.010619428628943458	7.688471059255536e-05	5.084613846646271e-05
GERMANY	44574	0.075	4.5e-06	0.4370841720061183	0.42223084308151826	0.016708959087088353	0.021141876795230285	0.00025226525003010274	0.0001668902691519038
GERMANY	44581	0.065	1.6e-06	0.46671668878994893	0.44995669518988973	0.026534888551294687	0.03375854624965196	0.0007107052001001289	0.0004691161060527186
GERMANY	44588	0.058	7e-07	0.4858003983370013	0.46722494239773515	0.03757589427617835	0.04812295114115881	0.0017660257758869507	0.0011616262147278276
GERMANY	44595	0.059	5e-07	0.4961499240463004	0.47582985631137664	0.04666294599331179	0.060322327371737636	0.0034533257948520415	0.0022558331918575256
GERMANY	44602	0.062	3e-07	0.5022211707797788	0.4801507838383761	0.053003429976828616	0.06932353794255745	0.00590621260990298	0.0038307725373914452
GERMANY	44609	0.064	3e-07	0.5056118191488316	0.4817620025358704	0.055936702567889275	0.07425920608875312	0.00843413727480395	0.005403647663108845
GERMANY	44616	0.065	3e-07	0.5077263363771817	0.4820483791743722	0.056767355423619624	0.07666732403997563	0.011063945459203296	0.006996517583733338
GERMANY	44623	0.063	3e-07	0.5081686465446431	0.4806315702508667	0.05651273812130011	0.07776296282528701	0.013963923753678423	0.008719568323712379
GERMANY	44630	0.062	4e-07	0.5083416939591994	0.478896685630109	0.055834483589008534	0.07833676631453021	0.017962878483367514	0.011124970637306292
GERMANY	44637	0.062	6e-07	0.5085099047563949	0.4771136309332928	0.05469945546189917	0.07832825036122693	0.02282600691727726	0.014031861608315037
GERMANY	44644	0.064	9e-07	0.5078060999348607	0.47444611249744145	0.05308623287591631	0.07768845741217202	0.02777710432140153	0.016906808150657728
GERMANY	44651	0.066	1.3e-06	0.5065990165245864	0.4712707561793991	0.051119021668976236	0.07654902781815699	0.032356966914277314	0.019444310200921956
GERMANY	44658	0.068	2.3e-06	0.5042219316861902	0.4669520089351218	0.04888826818132148	0.07500239060428486	0.03587313924425388	0.021192505339612824
GERMANY	44665	0.07	4.2e-06	0.49963363943654654	0.4604885667557109	0.0465345174238264	0.07320579325333766	0.03882293500398207	0.02251059461239697
ITALY	44589	0.105	3.98e-05	0.49900695390222494	0.4813252484682145	0.03919746275155515	0.05025076115097051	0.001999348505960555	0.0013145963199926894
ITALY	44596	0.099	1.7e-05	0.528771496067641	0.5089641784626184	0.04775191671949963	0.06182429511804189	0.003771363334635485	0.002461398268810833
ITALY	44603	0.099	1.05e-05	0.5431124372063457	0.5213692805718602	0.053692319043951324	0.07035536138269759	0.006338444981843566	0.004106755959253789
ITALY	44610	0.089	7.3e-06	0.5494400382449207	0.5258217299082439	0.056228517144435775	0.07481393897112953	0.008869367659649097	0.005674613947666517
ITALY	44617	0.082	5.7e-06	0.5517308786171865	0.5262312566788988	0.05684093201303294	0.07695861426086884	0.011553783409127645	0.007297227811685294
ITALY	44624	0.073	5.4e-06	0.551581151466343	0.5241722207486275	0.056463336428722456	0.07790387771234966	0.0145171547987221	0.00905537000341112
ITALY	44631	0.066	5.2e-06	0.5493586092955003	0.5200176276859921	0.05573186813313244	0.07841065659074027	0.018737307979614353	0.011599805683414642
ITALY	44638	0.058	5.2e-06	0.5460880658520703	0.5147831884071618	0.05452392979323853	0.07830768406746641	0.02370477146212187	0.014564443480788473
ITALY	44645	0.056	5.8e-06	0.5413787684399098	0.5081004572788803	0.05284367331453907	0.07757745494803449	0.028624896050432922	0.017405629219291924
ITALY	44652	0.053	7.6e-06	0.5353160868598794	0.5000690084032553	0.050824730233336016	0.07636360633150799	0.033078368940863516	0.01984625533718593
ITALY	44659	0.049	1.1e-05	0.5275190429258678	0.4903344009992822	0.04856335967541877	0.07476606543593621	0.036436811153897394	0.021479881357626903
ITALY	44666	0.054	1.6e-05	0.5194062300845861	0.4803052302075103	0.04619462566005696	0.07293583994728121	0.03927170071161801	0.0227145906679443
ITALY	44673	0.061	2.82e-05	0.5109794218423027	0.47000286794040685	0.04377806597930766	0.07093374968631531	0.041248516417635	0.02334202705276349
ITALY	44680	0.064	5.22e-05	0.5027134079075408	0.4599109499112617	0.04136929780373639	0.06881845530469725	0.04303647382183638	0.023829130411461362
NETHERLANDS	44577	0.089	3.39e-05	0.418658238464906	0.4069553893865001	0.021087689683432824	0.026729143307317096	0.00041005243659459093	0.0002711574801267331
NETHERLANDS	44584	0.084	1.52e-05	0.43557818088694633	0.42243713315832815	0.03173692742638868	0.04046410114276669	0.0011176275024685908	0.0007374844352222634
NETHERLANDS	44591	0.084	7e-06	0.44368232709914684	0.42918471366142236	0.042141609740097195	0.05415328244433155	0.002469416746734964	0.0016208779099035914
NETHERLANDS	44598	0.083	4.6e-06	0.44878300652413455	0.4328985092274483	0.049647817612451864	0.06449152075483575	0.004388756473858162	0.00285720953518339
NETHERLANDS	44605	0.083	3.2e-06	0.4498193578942761	0.43254620467050914	0.05480482332524766	0.07209932668210559	0.007151513992194841	0.004620340078112282
NETHERLANDS	44612	0.084	2.8e-06	0.4482047124718069	0.4295200191079245	0.05661327734946185	0.0756818781429063	0.009666050964848178	0.006163058025662742
NETHERLANDS	44619	0.084	3.2e-06	0.44569483485665357	0.4255455680939684	0.05686407501762767	0.0773897423411504	0.012448411258516376	0.00783713289866076
NETHERLANDS	44626	0.081	3.8e-06	0.44252772521225026	0.42086191462456013	0.0563417041354867	0.07815764867235692	0.015688964598764614	0.00976665466033205
NETHERLANDS	44633	0.076	5.4e-06	0.43868477602159944	0.415458164963681	0.055475761682020626	0.07849448715642687	0.02024363635342351	0.012514444558575975
NETHERLANDS	44640	0.07	8.5e-06	0.4339207840287811	0.4091038572406423	0.05411603995203073	0.0781937984434455	0.02528122601910464	0.015500181203699528
NETHERLANDS	44647	0.067	1.31e-05	0.4285194931000973	0.40208829888825015	0.05231705805273741	0.07730027972001396	0.030135271390849802	0.018271472168167213
NETHERLANDS	44654	0.065	2.16e-05	0.4225908047504491	0.39453212149334105	0.050206647740153244	0.0759511825592226	0.0342781680663221	0.020480570970477566
NETHERLANDS	44661	0.061	3.25e-05	0.4161255503357274	0.3864409185045278	0.04789872046796639	0.07426897049284774	0.03741479256784257	0.021949956294316484
NORWAY	44563	0.102	5.33e-05	0.26394002894265917	0.25553071203473166	0.005671929494462276	0.0071504568098060915	3.560141789144492e-05	2.3398668870052453e-05
NORWAY	44570	0.064	1.1e-05	0.3213031208854631	0.3109107964733845	0.012001577547674707	0.01514916772137876	0.00013519305579743872	8.952143762591246e-05
NORWAY	44577	0.058	4.9e-06	0.38112721683602596	0.3685317584372295	0.021087689683432824	0.026729143307317096	0.00041005243659459093	0.0002711574801267331
NORWAY	44584	0.065	3.6e-06	0.42268329702038937	0.4080975015565577	0.03173692742638868	0.04046410114276669	0.0011176275024685908	0.0007374844352222634
NORWAY	44591	0.067	2.9e-06	0.448587187649168	0.4322006325250944	0.042141609740097195	0.05415328244433155	0.002469416746734964	0.0016208779099035914
NORWAY	44598	0.07	2.6e-06	0.4606756632504648	0.4426637393034667	0.049647817612451864	0.06449152075483575	0.004388756473858162	0.00285720953518339
NORWAY	44605	0.07	2.6e-06	0.4653171388880406	0.4457449289149335	0.05480482332524766	0.07209932668210559	0.007151513992194841	0.004620340078112282
NORWAY	44612	0.067	3.2e-06	0.4654491843747729	0.4443344794805207	0.05661327734946185	0.0756818781429063	0.009666050964848178	0.006163058025662742
NORWAY	44619	0.067	4.4e-06	0.46267730850917044	0.44001649649674673	0.05686407501762767	0.0773897423411504	0.012448411258516376	0.00783713289866076
NORWAY	44626	0.067	7.1e-06	0.4581281677806122	0.43390508541098244	0.0563417041354867	0.07815764867235692	0.015688964598764614	0.00976665466033205
NORWAY	44633	0.064	1.13e-05	0.4528309421281221	0.4270188234658788	0.055475761682020626	0.07849448715642687	0.02024363635342351	0.012514444558575975
NORWAY	44640	0.065	1.95e-05	0.4466790275594506	0.4192646243598753	0.05411603995203073	0.0781937984434455	0.02528122601910464	0.015500181203699528
NORWAY	44647	0.062	3.35e-05	0.4398528825436832	0.41083231100157264	0.05231705805273741	0.07730027972001396	0.030135271390849802	0.018271472168167213
NORWAY	44654	0.057	6.01e-05	0.43244053821040784	0.4018223341232389	0.050206647740153244	0.0759511825592226	0.0342781680663221	0.020480570970477566
NY	44598	0.093	3.24e-05	0.2714520768319631	0.2592588165137114	0.049647817612451864	0.06449152075483575	0.004388756473858162	0.00285720953518339
NY	44605	0.103	1.69e-05	0.27483421977436234	0.261634802301983	0.05480482332524766	0.07209932668210559	0.007151513992194841	0.004620340078112282
NY	44612	0.112	1.2e-05	0.27979677552566834	0.2655153073848912	0.05661327734946185	0.0756818781429063	0.009666050964848178	0.006163058025662742
NY	44619	0.113	7.7e-06	0.28082805900409447	0.26550647261834964	0.05686407501762767	0.0773897423411504	0.012448411258516376	0.00783713289866076
NY	44626	0.113	4.9e-06	0.2794260713468947	0.26308625800042307	0.0563417041354867	0.07815764867235692	0.015688964598764614	0.00976665466033205
NY	44633	0.11	3.9e-06	0.27701320129307455	0.2596586237652568	0.055475761682020626	0.07849448715642687	0.02024363635342351	0.012514444558575975
NY	44640	0.104	3.4e-06	0.27387931494133555	0.255516598316002	0.05411603995203073	0.0781937984434455	0.02528122601910464	0.015500181203699528
NY	44647	0.098	4.4e-06	0.27043986388809566	0.2510761836358094	0.05231705805273741	0.07730027972001396	0.030135271390849802	0.018271472168167213
NY	44654	0.092	6.8e-06	0.2663977382788176	0.24605601286608134	0.050206647740153244	0.0759511825592226	0.0342781680663221	0.020480570970477566
NY	44661	0.084	1.01e-05	0.26234678462109523	0.24104746662236848	0.04789872046796639	0.07426897049284774	0.03741479256784257	0.021949956294316484
SPAIN	44586	0.101	4.39e-05	0.386623928844936	0.3727553482977199	0.034419019518380264	0.043991291431199765	0.0013602817166066667	0.0008950910660717573
SPAIN	44593	0.09	1.73e-05	0.41368248961423026	0.39806694437548756	0.0441422392296082	0.05690906688947036	0.0028206625876086933	0.0018442202456668512
SPAIN	44600	0.086	8.3e-06	0.4292056791075531	0.4119742336413744	0.05082854896657535	0.0662882518178233	0.004846347612072124	0.003141589236885023
SPAIN	44607	0.084	4.8e-06	0.43661490239623263	0.41784396563220444	0.05532262124544578	0.07311701859781237	0.007656387607791584	0.004921124649958219
SPAIN	44614	0.083	3.5e-06	0.4389509679038699	0.4186703327711068	0.056631411016631036	0.07610077210990572	0.010171172003816727	0.006450110256148668
SPAIN	44621	0.079	2.7e-06	0.4365886900208505	0.41483457103008853	0.056636801919461965	0.07751267926070042	0.01299800622018129	0.008139036667043683
SPAIN	44628	0.072	3.5e-06	0.43070475301197153	0.40750479895145103	0.05605120220514201	0.07820236670535403	0.01657885688942741	0.01028107115560279
SPAIN	44635	0.069	4.1e-06	0.4274010498639381	0.4026666894295786	0.05506220702540206	0.07838160095674422	0.02128120769643025	0.013104233384606152
SPAIN	44642	0.069	6.4e-06	0.42290872930905565	0.39663493025075863	0.05358354708419126	0.07792187954390062	0.02627847007821008	0.016036261081611682
SPAIN	44649	0.076	1.07e-05	0.4170621471851025	0.389262027151004	0.05171115736910871	0.07691938092015667	0.03106995064565292	0.018740625962772556
SPAIN	44656	0.081	1.69e-05	0.41081524866709146	0.3814965176080449	0.04954424410687727	0.07547671220676061	0.034946182443275096	0.020749957860898595
SPAIN	44663	0.073	1.79e-05	0.40343682125406893	0.3726372312605661	0.04721501232025043	0.07373982385631253	0.038024244029131	0.022166938809299246
SWITZERLAND	44587	0.117	2.71e-05	0.3515894774880788	0.3397526191864166	0.03562127064536469	0.04559006863012484	0.0015252549336165098	0.0010029356248064808
SWITZERLAND	44594	0.109	1.24e-05	0.36176837723550587	0.3486821598519464	0.04517651873742964	0.058334369551435325	0.0030935000571369695	0.002020967258867432
SWITZERLAND	44601	0.097	6.2e-06	0.36545780276531903	0.35118047619954446	0.05143514384509978	0.06721034014758316	0.005205482500871993	0.0033710626449068664
SWITZERLAND	44608	0.087	3.6e-06	0.365973068470779	0.35050439200754785	0.0555571670347066	0.07359783712902644	0.008005249847082722	0.005135783792971394
SWITZERLAND	44615	0.084	3.2e-06	0.3641607588317857	0.34749078647540704	0.05664760970887628	0.0763197942224103	0.010565214875265459	0.006688418462747608
SWITZERLAND	44622	0.083	3.9e-06	0.36114725692571276	0.34325009941824186	0.05653441852361546	0.0775879670380563	0.013420412356295286	0.008388877482782317
SWITZERLAND	44629	0.079	5.3e-06	0.35729984143490445	0.3381495147697315	0.05590965539875521	0.07822874182672501	0.017182969426106698	0.01064432425705863
SWITZERLAND	44636	0.072	1.01e-05	0.3531739563469433	0.3327410194572886	0.05485230034772638	0.07832008358300788	0.021930593125447602	0.013485623134592487
SWITZERLAND	44643	0.071	2.96e-05	0.3486632720116964	0.3269294627313422	0.05331410926172677	0.07778012428914063	0.026864722182196748	0.016361883029767467
SWITZERLAND	44650	0.083	8.74e-05	0.3439477238587558	0.3209015323054789	0.05140001388995801	0.07671640412177508	0.03150796957796018	0.018953856056724023
SWITZERLAND	44657	0.076	0.0001409	0.338547865062848	0.3141995718301549	0.04920757690990993	0.07522982081368686	0.035220352564461085	0.020843303018030404
SWITZERLAND	44664	0.065	0.0001424	0.33265135334636314	0.3070210692843957	0.04686959370619016	0.07346754339251146	0.03825736077012164	0.022226359775733007
TX	44604	0.084	1.78e-05	0.17778697622959222	0.16840621796897232	0.05429912659008794	0.07128854960366827	0.006755503496706287	0.004371256055887153
TX	44611	0.093	1.32e-05	0.17779630583211206	0.16776187524389943	0.056452776545914386	0.07528667412043685	0.009277968185181009	0.005926345836247495
TX	44618	0.109	1.13e-05	0.17762795110480226	0.16692907016321493	0.05687400589511066	0.07720050137526017	0.012015841620095257	0.007577791417040905
TX	44625	0.118	1.03e-05	0.1763667002843307	0.1650160016628026	0.05641228907037795	0.07804282291771214	0.015099878181234747	0.009409644207397013
TX	44632	0.12	9.9e-06	0.17514384026078875	0.163137555366258	0.05561705000096635	0.07846913178507314	0.019511561296520354	0.012072439597920414
TX	44639	0.117	9.8e-06	0.17384301276477113	0.16118510244756742	0.05433181865940706	0.07826581322082798	0.024532207147596716	0.015059945400845716
TX	44646	0.103	1.03e-05	0.1716596396969365	0.1583766816392008	0.052588377521664245	0.07744944186003387	0.02942354681577461	0.017868994510190243
TX	44653	0.093	1.39e-05	0.17020542009212952	0.15629733411913646	0.05052027212872214	0.07616393473986363	0.033725107503169205	0.02019589264897262
TX	44660	0.089	2.54e-05	0.16763525847696845	0.15314560026124271	0.0482330291534526	0.07452101396121066	0.0369526873552453	0.021733664451560344
TX	44667	0.086	3.79e-05	0.1658101063564717	0.15075123947438873	0.04585314575783595	0.07266162690423443	0.03968571733314121	0.022894239376403638
USA	44603	0.083	1e-06	0.2454495964346723	0.23184767256494457	0.053692319043951324	0.07035536138269759	0.006338444981843566	0.004106755959253789
USA	44610	0.094	7e-07	0.24495464761002014	0.23046843807846315	0.056228517144435775	0.07481393897112953	0.008869367659649097	0.005674613947666517
USA	44617	0.106	5e-07	0.24372057304269934	0.22835133126782395	0.05684093201303294	0.07695861426086884	0.011553783409127645	0.007297227811685294
USA	44624	0.113	4e-07	0.24174543535802376	0.22550186001370173	0.056463336428722456	0.07790387771234966	0.0145171547987221	0.00905537000341112
USA	44631	0.114	3e-07	0.23884094152379562	0.22174400785790999	0.05573186813313244	0.07841065659074027	0.018737307979614353	0.011599805683414642
USA	44638	0.109	3e-07	0.23557686126628977	0.21764437538699188	0.05452392979323853	0.07830768406746641	0.02370477146212187	0.014564443480788473
USA	44645	0.101	4e-07	0.2319553065780484	0.21321324444160897	0.05284367331453907	0.07757745494803449	0.028624896050432922	0.017405629219291924
USA	44652	0.093	4e-07	0.23062912041142777	0.2110568842834927	0.050824730233336016	0.07636360633150799	0.033078368940863516	0.01984625533718593
USA	44659	0.09	7e-07	0.23243381072305314	0.21199402518776042	0.04856335967541877	0.07476606543593621	0.036436811153897394	0.021479881357626903
USA	44666	0.089	1.1e-06	0.23386618362109676	0.21259818387005472	0.04619462566005696	0.07293583994728121	0.03927170071161801	0.0227145906679443
