country	time	s_hat	s_var	C_bq1_bst	C_ba45_bst	C_bq1_biv	C_ba45_biv	C_bq1_ba1	C_ba45_ba1	C_bq1_ba2	C_ba45_ba2	C_bq1_ba45	C_ba45_ba45	C_bq1_bq1	C_ba45_bq1
CA	44831	0.091	1.22e-05	0.03362855381769195	0.07674738594441838	0.0	0.0	0.00035637552003483364	0.0024746482212937002	0.002275568895506358	0.01037076463008503	0.012108630546950803	0.024260277964263745	0.0001554130503999299	0.000192440329992149
CA	44838	0.089	6.8e-06	0.03233676024074317	0.07345009624250257	0.0	0.0	0.0003222469214417837	0.0022425307670385477	0.0020665674686635997	0.00955410241013229	0.012146830068046366	0.02479477870490436	0.0002802502854381388	0.0003310550593632458
CA	44845	0.089	4.5e-06	0.028293983070260004	0.06668966949290744	0.0	0.0	0.00029137509414996665	0.0020316925577277055	0.0018761257756306176	0.008790234189483501	0.01226619255922637	0.02542675171710807	0.0004948605925113784	0.0005698083054489223
CA	44852	0.085	2.9e-06	0.026059783456706603	0.06047188794359427	0.0	0.0	0.0002634431103096564	0.0018402344849149988	0.0017026350008001955	0.008077234858875177	0.012312656975375239	0.025928963536501936	0.000782438909016027	0.0008913072624420007
CA	44859	0.078	2.5e-06	0.024274862196573526	0.05683540323894887	0.07279286333835429	0.07446044877016515	0.0002381675583559713	0.0016664239957291521	0.0015445876139335618	0.007412966686502536	0.012175328465332515	0.026129415249434438	0.0011114596126159907	0.0012618014090488422
CA	44866	0.073	1.8e-06	0.022728837519362836	0.053515203527996186	0.07339824207640057	0.07525464197899615	0.00021529737029853276	0.0015086937118947569	0.0014007243071259073	0.006795488424363551	0.011826382077821053	0.025976894985656078	0.001430365009366723	0.001625244917665575
CA	44873	0.067	1.3e-06	0.02230765037202294	0.05103625448784424	0.09744460291546721	0.10001982412019471	0.0001946139328884868	0.0013656448972574153	0.001269865983015517	0.006222711124459731	0.011348081481246856	0.025584019856812027	0.001756621138964295	0.0020009069722256587
CA	44880	0.061	1.2e-06	0.022558199370161812	0.049622028382588994	0.12194339065899604	0.12532634174778284	0.00017592061804013386	0.0012360033931468973	0.001150978600819967	0.005692605728519196	0.010831206109106175	0.025081355596056416	0.00214901797547352	0.0024540718968159617
CA	44887	0.057	1.4e-06	0.02127357297356172	0.04696572167080849	0.12578357424116	0.1296069605732172	0.0001590383041193843	0.0011185990665498265	0.0010430068014385526	0.0052028468055745816	0.010297687641027533	0.024499694158629532	0.0026562587019201825	0.0030392309994120947
CA	44894	0.054	1.5e-06	0.02430718070851921	0.04953122957367051	0.139567837916836	0.1440886156265711	0.00014379045328277623	0.0010122994611753587	0.0009449449275518546	0.004751017167357688	0.009752346148623808	0.02384595125447604	0.003286071203595588	0.003766443212074589
CA	44901	0.05	1.9e-06	0.02429193979534572	0.04856202119818973	0.14881278732885006	0.15400491390298796	0.00013000246691553406	0.0009160033600178171	0.0008559370621473755	0.004334883156715384	0.009209425438773957	0.023141874229468923	0.004040150130358307	0.004639394154617256
CA	44908	0.044	2.6e-06	0.02357605065617255	0.046761977965317454	0.1576932211871761	0.16361415760552658	0.00011753041466267874	0.0008287669319470465	0.0007751338530108987	0.0039520901485276564	0.008675211642340799	0.022398288086874368	0.004905552723465379	0.005645602901220046
CA	44915	0.038	3.6e-06	0.022231731261734326	0.04442449028383197	0.15828574642416196	0.1648265849558452	0.00010625605861558674	0.0007497836439002449	0.0007018273766911336	0.0036005095022206596	0.008146233852082003	0.02161233325320137	0.005723890350431477	0.006612796450039336
CA	44922	0.033	5.8e-06	0.02191265206908234	0.043197831063553786	0.1682430485017104	0.17566491620243382	9.606410842884825e-05	0.0006782829093963495	0.0006353535221944723	0.0032780380567378896	0.007623131212473507	0.020787290382107308	0.006447722491586603	0.007488875066152285
CA	44929	0.032	1.17e-05	0.021131489559645094	0.041598149688464474	0.17322417655850048	0.18150517161614546	8.683840194770598e-05	0.0006135101637033363	0.0005750589375915438	0.0029825401388156726	0.007099847535885711	0.01991673492448303	0.006918747894158396	0.008099278581335924
CA	44936	0.024	1.6e-05	0.020613381271102068	0.040381727932542744	0.17698707025154856	0.18617951408550854	7.849563089983414e-05	0.0005548755283562761	0.0005204166886420902	0.0027121400640856114	0.0065934361928026985	0.01902910083128048	0.007238508173020262	0.008554048074132611
CA	44943	0.01	1.57e-05	0.01940502281038414	0.03831380617959897	0.18146888470231703	0.1916716073729416	7.095152050359085e-05	0.0005018041936396615	0.0004709100754942417	0.002464964843432561	0.006106929678273244	0.018132482291102255	0.0074351872487570005	0.008882857587712149
CA	44950	0.006	2.27e-05	0.018491676089149745	0.036692238602180294	0.18346460262987568	0.1947142368078548	6.41283643632823e-05	0.00045376743454695505	0.0004260540410514293	0.0022392064692841034	0.005642970652673137	0.017234720217689202	0.007499214433272185	0.009074062969772045
CA	44957	0.0	3.12e-05	0.01778131498678017	0.03536868366170965	0.18408362813449541	0.19644071648190772	5.796135866616466e-05	0.00041030966173135334	0.0003854450725992582	0.0020332513607281633	0.005206100277352674	0.016346699431797448	0.007506491215566309	0.009209841903305005
CA	44964	0.023	8.53e-05	0.016690148827524415	0.03357939778473057	0.18443137217953828	0.19798311245610567	5.238498476749599e-05	0.00037098710852752483	0.0003487034112503172	0.001845553800884477	0.00479621671758201	0.015472551003627847	0.007478816649550689	0.009313433768181716
CANADA	44822	0.069	2.1e-05	0.08166547174826198	0.17099519514845793	0.006988940528812121	0.007148406594730363	0.0004056461298563108	0.0028078503863772065	0.0025742021320914617	0.011500710049827136	0.012295655005092838	0.023886066822508357	8.405322809534891e-05	0.00011321551914261695
CANADA	44829	0.066	1.09e-05	0.075947898776253	0.16120419585861012	0.012797246911762773	0.013101446550957034	0.00036678544221479235	0.002545215195225631	0.002338978646256051	0.010614149987565111	0.012191959272624984	0.024242201628750404	0.00013788169941652604	0.0001729085478043647
CANADA	44836	0.065	6.7e-06	0.07039951694940151	0.15137836585241518	0.024416331007524075	0.025008123281509736	0.0003316584127293301	0.002306624303887629	0.002124384925548749	0.009782131868236336	0.012215611402747352	0.024761657693164442	0.00024854928443084854	0.00029564979267352587
CANADA	44843	0.065	4.8e-06	0.06510612933580345	0.14181065669834922	0.03658135415389629	0.037501310575557015	0.00029988774630662136	0.002089897883621468	0.0019288005082933055	0.009003345340071509	0.012328714888845864	0.025390403344776817	0.0004435543417906332	0.0005122982201716949
CANADA	44850	0.064	3.4e-06	0.0601448018305973	0.1327525991667278	0.04743698649468878	0.04869180453644921	0.00027114493043154953	0.0018930812650183014	0.0017506265038123722	0.008276025555448064	0.012407611315593871	0.025947585489236327	0.0007195429305423993	0.0008202039206396958
CANADA	44857	0.066	2.4e-06	0.05545924323077171	0.12405040938745329	0.05980272677681203	0.061459862756889895	0.00024513668471626266	0.0017143925766514724	0.0015882930352287441	0.007598011461001369	0.01231077265136381	0.026217511175338312	0.0010479422659981559	0.001188916278755643
CANADA	44864	0.069	2e-06	0.0510543635357767	0.1157426720165951	0.0727930523142464	0.07490885249276823	0.0002216018141452664	0.0015522130077020235	0.0014404944400951648	0.006967357163975881	0.01199124681440813	0.02612114082834666	0.0013747012833553707	0.0015597903601051763
CANADA	44871	0.071	2e-06	0.04694069748419335	0.10788348335969787	0.08523557524949933	0.0878453383361899	0.00020031327247321473	0.001405099057426008	0.0013060140365046757	0.0063819761898018515	0.011520267889668446	0.025753824402639614	0.0016873942218361216	0.0019193441499447469
CANADA	44878	0.069	1.7e-06	0.04313506543871038	0.10054712215489506	0.09576583057318078	0.09887779572025848	0.0001810720391345347	0.0012717581003048684	0.0011838277982374025	0.005839938435140357	0.011007659410685182	0.025272853352662758	0.002078011268421996	0.002369028701876603
CANADA	44885	0.064	2.2e-06	0.03959390999426236	0.09362056486353795	0.10584096779774461	0.10949553404156052	0.00016369031359638353	0.0011509740675805505	0.001072841848822738	0.005338894564587871	0.010471993425216824	0.024703637877011998	0.0025517097781071548	0.0029154913654831642
CANADA	44892	0.058	2.2e-06	0.036320085026392376	0.08713622907006846	0.11467750398748361	0.11890228367957155	0.00014799497351227048	0.0010416223971466058	0.0009720338193954908	0.004876444471793772	0.009925157246406887	0.024063301353350074	0.003153349222139627	0.003609438973177075
CANADA	44899	0.053	2.8e-06	0.0333020626416362	0.08108163895531123	0.12178731886385771	0.12660060149968586	0.00013380603105156186	0.0009425719183093999	0.0008805229739577553	0.0044503399902926215	0.00937891910742883	0.023369613084817047	0.0038900351948024103	0.004460399435388092
CANADA	44906	0.053	3.4e-06	0.030547104532382005	0.07550412423222498	0.12584015277455554	0.1312322998017222	0.00012096995346439001	0.0008528299207577945	0.000797445799860749	0.004058229684491557	0.008838103383766515	0.022631041929781076	0.004723381680552814	0.005428068287275284
CANADA	44913	0.052	4.5e-06	0.027963306701255974	0.0701370298355134	0.13014386163311853	0.13617441357305085	0.0001093653609536986	0.000771569048064611	0.0007220707564204586	0.00369795594392352	0.008307598049241614	0.021856930884924318	0.005577798079591	0.006431185726678246
CANADA	44920	0.049	7e-06	0.025581599997049453	0.06510190384943171	0.1359515568646984	0.1427148609405471	9.887573491724477e-05	0.0006980070280252934	0.0006537052037391927	0.003367368630355165	0.007780206152229818	0.021038941908704884	0.006325477953977561	0.007329856234324091
CANADA	44927	0.047	1.06e-05	0.02341642404921204	0.060468754409441744	0.13661612509054638	0.14406505335601386	8.938159026790806e-05	0.0006313693205879353	0.0005916960213701889	0.003064347592118812	0.007251540493149627	0.02017309946419891	0.00683662151192712	0.007981182588600973
CANADA	44934	0.04	1.61e-05	0.02139753779059678	0.05603744540275803	0.1386544487496085	0.1468794706423888	8.079527833421054e-05	0.0005710409500442545	0.0005354961031585816	0.0027869778798916603	0.006739538752254044	0.019288867043390712	0.007204072708798602	0.008485474310797545
CANADA	44941	0.032	2.12e-05	0.019524799084787523	0.05183011430627604	0.14215103063698736	0.15125327474575834	7.30314523138114e-05	0.0005164371638833834	0.00048457429399658433	0.0025333573769232634	0.006245665147978856	0.01839194592524161	0.007425835084377339	0.008839332165868685
CANADA	44948	0.025	2.38e-05	0.0178136819937775	0.04791848690889845	0.14379268024016323	0.1538064396424608	6.600890571288401e-05	0.0004670090989181958	0.000438431054702278	0.002301645799671427	0.005773894500604429	0.01749207795294562	0.007508243498935958	0.009048615034050451
CANADA	44955	0.023	3.3e-05	0.016250396483952434	0.0442800113828912	0.14364142669206087	0.15460309347518092	5.9661036281714676e-05	0.00042228858846789306	0.0003966529263156727	0.0020902039468411776	0.0053289644075400315	0.016600365205916956	0.007523763540798567	0.009191573945715797
CANADA	44962	0.021	4.92e-05	0.014814463289679346	0.040869487627841455	0.1429596102427168	0.15493240093763283	5.392177708832414e-05	0.0003818254348161301	0.0003588491915713246	0.0018974563098086879	0.004911335217508879	0.015721768171007844	0.007504983578724935	0.009303237178809128
FRANCE	44815	0.107	2.18e-05	0.06717749273623515	0.14399815188617898	0.001263478532119471	0.0012910812875670022	0.0004486146839402188	0.003096703251311594	0.0028315107951946924	0.012442198396184094	0.012398710084723978	0.023505552508828055	5.710245637385044e-05	8.332819597129007e-05
FRANCE	44822	0.091	9e-06	0.06247691218325357	0.1355409689886465	0.003202824453619042	0.0032762431399276015	0.0004056461298563108	0.0028078503863772065	0.0025742021320914617	0.011500710049827136	0.012295655005092838	0.023886066822508357	8.405322809534891e-05	0.00011321551914261695
FRANCE	44829	0.074	4e-06	0.058031460394280344	0.1274547666435762	0.005136079366477349	0.005259875735228384	0.00036678544221479235	0.002545215195225631	0.002338978646256051	0.010614149987565111	0.012191959272624984	0.024242201628750404	0.00013788169941652604	0.0001729085478043647
FRANCE	44836	0.061	2.4e-06	0.05383743125779398	0.11974576568291427	0.00686800445921131	0.007043127594419185	0.0003316584127293301	0.002306624303887629	0.002124384925548749	0.009782131868236336	0.012215611402747352	0.024761657693164442	0.00024854928443084854	0.00029564979267352587
FRANCE	44843	0.055	2.2e-06	0.04988217172027439	0.1123901766127792	0.008690188659310422	0.008923932372145931	0.00029988774630662136	0.002089897883621468	0.0019288005082933055	0.009003345340071509	0.012328714888845864	0.025390403344776817	0.0004435543417906332	0.0005122982201716949
FRANCE	44850	0.052	1.9e-06	0.04615241340901285	0.10536120469629277	0.011670266176040353	0.011994362769915865	0.00027114493043154953	0.0018930812650183014	0.0017506265038123722	0.008276025555448064	0.012407611315593871	0.025947585489236327	0.0007195429305423993	0.0008202039206396958
FRANCE	44857	0.057	2.5e-06	0.04264272521554754	0.09865663399831166	0.015221034205837026	0.015657499879199323	0.00024513668471626266	0.0017143925766514724	0.0015882930352287441	0.007598011461001369	0.01231077265136381	0.026217511175338312	0.0010479422659981559	0.001188916278755643
FRANCE	44864	0.063	2.4e-06	0.03935535035742565	0.09229874364793615	0.018464976850403273	0.019018788212567923	0.0002216018141452664	0.0015522130077020235	0.0014404944400951648	0.006967357163975881	0.01199124681440813	0.02612114082834666	0.0013747012833553707	0.0015597903601051763
FRANCE	44871	0.067	2.6e-06	0.036280729269857405	0.0862722070820991	0.020527902369248466	0.02118449349522405	0.00020031327247321473	0.001405099057426008	0.0013060140365046757	0.0063819761898018515	0.011520267889668446	0.025753824402639614	0.0016873942218361216	0.0019193441499447469
FRANCE	44878	0.063	2.8e-06	0.03340551084978738	0.08054990679600711	0.02306180579651262	0.023842845013284094	0.0001810720391345347	0.0012717581003048684	0.0011838277982374025	0.005839938435140357	0.011007659410685182	0.025272853352662758	0.002078011268421996	0.002369028701876603
FRANCE	44885	0.055	3.3e-06	0.030718589052721894	0.07511243832621918	0.02606568344472861	0.02699353394658307	0.00016369031359638353	0.0011509740675805505	0.001072841848822738	0.005338894564587871	0.010471993425216824	0.024703637877011998	0.0025517097781071548	0.0029154913654831642
FRANCE	44892	0.044	4.2e-06	0.028216522559730062	0.06996554376888914	0.02866142787445711	0.02974181673887657	0.00014799497351227048	0.0010416223971466058	0.0009720338193954908	0.004876444471793772	0.009925157246406887	0.024063301353350074	0.003153349222139627	0.003609438973177075
FRANCE	44899	0.036	5.1e-06	0.02588104872875451	0.06506790625357886	0.03240340542952813	0.03367645670827485	0.00013380603105156186	0.0009425719183093999	0.0008805229739577553	0.0044503399902926215	0.00937891910742883	0.023369613084817047	0.0038900351948024103	0.004460399435388092
FRANCE	44906	0.027	7.4e-06	0.02369851477412841	0.06039340207867175	0.03845193385750639	0.03998762111754572	0.00012096995346439001	0.0008528299207577945	0.000797445799860749	0.004058229684491557	0.008838103383766515	0.022631041929781076	0.004723381680552814	0.005428068287275284
FRANCE	44913	0.023	1.08e-05	0.021670750942008907	0.05596604347389665	0.045825469503190275	0.04767962435442924	0.0001093653609536986	0.000771569048064611	0.0007220707564204586	0.00369795594392352	0.008307598049241614	0.021856930884924318	0.005577798079591	0.006431185726678246
FRANCE	44920	0.017	1.54e-05	0.019816036678882966	0.05186291758238116	0.04975561729469835	0.05188439372384489	9.887573491724477e-05	0.0006980070280252934	0.0006537052037391927	0.003367368630355165	0.007780206152229818	0.021038941908704884	0.006325477953977561	0.007329856234324091
FRANCE	44927	0.021	2.53e-05	0.018110369311379423	0.048025133308656716	0.051513893421454265	0.05389480303091732	8.938159026790806e-05	0.0006313693205879353	0.0005916960213701889	0.003064347592118812	0.007251540493149627	0.02017309946419891	0.00683662151192712	0.007981182588600973
FRANCE	44934	0.027	3.92e-05	0.016531558016477398	0.044399272519004704	0.05450387135528296	0.057187068286617126	8.079527833421054e-05	0.0005710409500442545	0.0005354961031585816	0.0027869778798916603	0.006739538752254044	0.019288867043390712	0.007204072708798602	0.008485474310797545
FRANCE	44941	0.031	5.94e-05	0.015079812322175494	0.04100361023306288	0.05687266780731205	0.05987236737155141	7.30314523138114e-05	0.0005164371638833834	0.00048457429399658433	0.0025333573769232634	0.006245665147978856	0.01839194592524161	0.007425835084377339	0.008839332165868685
FRANCE	44948	0.036	8.09e-05	0.013748097302762115	0.03783253147326224	0.05842489116672735	0.06175146717109943	6.600890571288401e-05	0.0004670090989181958	0.000438431054702278	0.002301645799671427	0.005773894500604429	0.01749207795294562	0.007508243498935958	0.009048615034050451
FRANCE	44955	0.035	0.0001479	0.012526505400249424	0.034870389945736296	0.0593543136828464	0.06302242685267784	5.9661036281714676e-05	0.00042228858846789306	0.0003966529263156727	0.0020902039468411776	0.0053289644075400315	0.016600365205916956	0.007523763540798567	0.009191573945715797
GERMANY	44829	0.065	1.19e-05	0.05072642932854379	0.12265988699790742	0.006496111666970505	0.006650112705630966	0.00036678544221479235	0.002545215195225631	0.002338978646256051	0.010614149987565111	0.012191959272624984	0.024242201628750404	0.00013788169941652604	0.0001729085478043647
GERMANY	44836	0.06	7.7e-06	0.04669548259022408	0.11415637142379059	0.011041756968507493	0.011312265907154073	0.0003316584127293301	0.002306624303887629	0.002124384925548749	0.009782131868236336	0.012215611402747352	0.024761657693164442	0.00024854928443084854	0.00029564979267352587
GERMANY	44843	0.053	5.2e-06	0.0429331975159233	0.10609802213797992	0.015377630752973099	0.01577190810275407	0.00029988774630662136	0.002089897883621468	0.0019288005082933055	0.009003345340071509	0.012328714888845864	0.025390403344776817	0.0004435543417906332	0.0005122982201716949
GERMANY	44850	0.052	3.8e-06	0.03941363630014228	0.09843539627290529	0.02144499688396994	0.02201465372553597	0.00027114493043154953	0.0018930812650183014	0.0017506265038123722	0.008276025555448064	0.012407611315593871	0.025947585489236327	0.0007195429305423993	0.0008202039206396958
GERMANY	44857	0.054	2.9e-06	0.036137032597659116	0.09119911092387852	0.027974164829628365	0.028747831022013642	0.00024513668471626266	0.0017143925766514724	0.0015882930352287441	0.007598011461001369	0.01231077265136381	0.026217511175338312	0.0010479422659981559	0.001188916278755643
GERMANY	44864	0.055	2.3e-06	0.03311150592169481	0.08444247632140367	0.033989631362539595	0.03497734841942854	0.0002216018141452664	0.0015522130077020235	0.0014404944400951648	0.006967357163975881	0.01199124681440813	0.02612114082834666	0.0013747012833553707	0.0015597903601051763
GERMANY	44871	0.053	2.2e-06	0.03032144953106128	0.07814205336485902	0.03842256934000219	0.0396107511087562	0.00020031327247321473	0.001405099057426008	0.0013060140365046757	0.0063819761898018515	0.011520267889668446	0.025753824402639614	0.0016873942218361216	0.0019193441499447469
GERMANY	44878	0.05	1.8e-06	0.027732751471129823	0.07221351128117375	0.04389682091248448	0.045329357657135354	0.0001810720391345347	0.0012717581003048684	0.0011838277982374025	0.005839938435140357	0.011007659410685182	0.025272853352662758	0.002078011268421996	0.002369028701876603
GERMANY	44885	0.047	1.9e-06	0.025353494899254248	0.06670502013648424	0.04846403369523466	0.05014565360000545	0.00016369031359638353	0.0011509740675805505	0.001072841848822738	0.005338894564587871	0.010471993425216824	0.024703637877011998	0.0025517097781071548	0.0029154913654831642
GERMANY	44892	0.043	1.5e-06	0.02316545173109939	0.06157980803643344	0.05231826235901864	0.0542580587673208	0.00014799497351227048	0.0010416223971466058	0.0009720338193954908	0.004876444471793772	0.009925157246406887	0.024063301353350074	0.003153349222139627	0.003609438973177075
GERMANY	44899	0.042	1.8e-06	0.021156430507325803	0.05681866184463604	0.05516717468743177	0.05736828872604879	0.00013380603105156186	0.0009425719183093999	0.0008805229739577553	0.0044503399902926215	0.00937891910742883	0.023369613084817047	0.0038900351948024103	0.004460399435388092
GERMANY	44906	0.04	2.1e-06	0.019310672413218686	0.05238980489942561	0.057593629181789174	0.06007197173992176	0.00012096995346439001	0.0008528299207577945	0.000797445799860749	0.004058229684491557	0.008838103383766515	0.022631041929781076	0.004723381680552814	0.005428068287275284
GERMANY	44913	0.034	2.3e-06	0.017615922020430313	0.04827138216701447	0.05949877641724884	0.062269158208883506	0.0001093653609536986	0.000771569048064611	0.0007220707564204586	0.00369795594392352	0.008307598049241614	0.021856930884924318	0.005577798079591	0.006431185726678246
GERMANY	44920	0.03	2.4e-06	0.016066891718695107	0.044462794888127335	0.060297872830170865	0.06336329848978849	9.887573491724477e-05	0.0006980070280252934	0.0006537052037391927	0.003367368630355165	0.007780206152229818	0.021038941908704884	0.006325477953977561	0.007329856234324091
GERMANY	44927	0.028	2.8e-06	0.014646417031196818	0.04092426789663111	0.06047753436888856	0.06385080892097048	8.938159026790806e-05	0.0006313693205879353	0.0005916960213701889	0.003064347592118812	0.007251540493149627	0.02017309946419891	0.00683662151192712	0.007981182588600973
GERMANY	44934	0.026	3.6e-06	0.013342822365313447	0.03763254929913814	0.06052215458792462	0.06422749139805238	8.079527833421054e-05	0.0005710409500442545	0.0005354961031585816	0.0027869778798916603	0.006739538752254044	0.019288867043390712	0.007204072708798602	0.008485474310797545
GERMANY	44941	0.027	4.3e-06	0.012145802740501283	0.03456778297610323	0.06110953694951988	0.06518746110000483	7.30314523138114e-05	0.0005164371638833834	0.00048457429399658433	0.0025333573769232634	0.006245665147978856	0.01839194592524161	0.007425835084377339	0.008839332165868685
GERMANY	44948	0.028	5.3e-06	0.011050595779489945	0.03172701495069284	0.061263476786309924	0.0657359702909738	6.600890571288401e-05	0.0004670090989181958	0.000438431054702278	0.002301645799671427	0.005773894500604429	0.01749207795294562	0.007508243498935958	0.009048615034050451
GERMANY	44955	0.031	7.6e-06	0.01004939574026821	0.029096570622789072	0.061273757459095426	0.0661698811878187	5.9661036281714676e-05	0.00042228858846789306	0.0003966529263156727	0.0020902039468411776	0.0053289644075400315	0.016600365205916956	0.007523763540798567	0.009191573945715797
GERMANY	44962	0.033	1.11e-05	0.009134878947038473	0.02666341258099404	0.06113798871142202	0.06648785369554955	5.392177708832414e-05	0.0003818254348161301	0.0003588491915713246	0.0018974563098086879	0.004911335217508879	0.015721768171007844	0.007504983578724935	0.009303237178809128
ITALY	44823	0.076	7.49e-05	0.061210885667886364	0.14307617956248536	0.0024262488742221233	0.0024819688136097032	0.00039984961124861864	0.00276876700607404	0.0025392629404166287	0.01137065777463873	0.012262736920708311	0.023911945539015978	8.926989301332868e-05	0.0001190073621187586
ITALY	44830	0.067	3.65e-05	0.05655749652666958	0.13360038568652385	0.00407038082773457	0.004168273193862525	0.00036154399730459164	0.00250969427482253	0.0023070717305605725	0.01049191642207759	0.012160207392420552	0.0242662088618675	0.0001475810945727142	0.00018369075559705156
ITALY	44837	0.065	2.19e-05	0.052201478602818485	0.12461543439776278	0.006291718332635757	0.0064489644652158465	0.00032692000968191734	0.002274362228594625	0.002095291864363103	0.009667593187988065	0.012194330590712623	0.024797904039016265	0.0002663284308118339	0.0003154527925326016
ITALY	44844	0.066	1.34e-05	0.048116250522540115	0.11607100135571691	0.009573984363586165	0.009820044208246	0.00029560216179791145	0.002060600036066651	0.0019022981385612948	0.008896291626929254	0.012313273197586651	0.025432267703099035	0.0004732509357399724	0.0005454619024807492
ITALY	44851	0.067	9.2e-06	0.04429479677256766	0.1079753326534137	0.01410689740827611	0.014478958954869184	0.000267267601518422	0.0018664801666595477	0.0017264794102726275	0.00817614925381128	0.012374022476610928	0.025959183135236104	0.0007562021512089366	0.0008614369935948987
ITALY	44858	0.064	7.5e-06	0.040732605079052506	0.10034175488385295	0.019011306406298424	0.019530749001577592	0.00024162771022640791	0.0016902441677045272	0.001566298361671575	0.007505019288305729	0.012251890456582164	0.026187005123696466	0.0010846398011884193	0.0012307385732380604
ITALY	44865	0.059	6.1e-06	0.037430012146933034	0.09319676556638734	0.0237010648760886	0.024378744037783864	0.0002184271986264532	0.0015303026122002203	0.0014204802375411617	0.006880975736632877	0.011914822101523039	0.026058441185100645	0.0014073696926841148	0.0015977847973255533
ITALY	44872	0.056	6.6e-06	0.034359003348519816	0.08647473848932505	0.027204724807368963	0.028029871144871706	0.00019744327977872056	0.0013852345505085987	0.0012878222296794075	0.006301918817527657	0.011438661422667494	0.025676122420430665	0.0017272045601944908	0.0019657797258073964
ITALY	44879	0.055	5.9e-06	0.03150868667287694	0.08016288574221322	0.031465071616287664	0.032470096261804075	0.00017847737397494803	0.0012537532870565734	0.0011672920197298182	0.00576586090655075	0.010921570143971073	0.025180850477211036	0.0021103668585777348	0.0024080586313578716
ITALY	44886	0.053	5.5e-06	0.02887036220201331	0.07425395162651639	0.03531285303412824	0.036506840348814074	0.0001613485568619948	0.0011346768583154973	0.0010578306299630822	0.005270500867958807	0.010388811616530125	0.024608108804731237	0.0026203853725331578	0.0029952690582719767
ITALY	44893	0.048	6.8e-06	0.026429154129692878	0.06872003862456569	0.039038544777331693	0.040437682827054705	0.00014587877971847737	0.0010268626546238648	0.0009584021010517396	0.004813378165365113	0.009841370795339902	0.02395906538809628	0.0032312559369073257	0.0037005147013439736
ITALY	44900	0.039	7.7e-06	0.024170994023910965	0.06353484435504748	0.04283427838949454	0.044460581394035824	0.0001318915130312743	0.0009291978395006882	0.0008681495675416342	0.004392278437631462	0.009296223932570052	0.02325932772472681	0.003978533176217194	0.004564533380257665
ITALY	44907	0.035	1.09e-05	0.022095901307173666	0.058716426008398714	0.045531380049932076	0.04738303955624068	0.00011923848988818598	0.0008407161638254503	0.0007862159912472716	0.00400484694401357	0.008758726185927499	0.02251824603632104	0.00483120710193001	0.005555068030996495
ITALY	44914	0.032	1.19e-05	0.020177533629961143	0.0541977226216404	0.04897646880270693	0.05109186000299245	0.00010780003252169374	0.0007606012751021781	0.0007118804457408158	0.003648937469693139	0.008228052483067731	0.021736814697154168	0.005664584463040032	0.006536941939682043
ITALY	44921	0.033	1.63e-05	0.018423477402324428	0.05001981612464896	0.05034658028503618	0.052705635584301386	9.746047645261042e-05	0.0006880778231712848	0.0006444679946988732	0.0033224311684520186	0.007702381758458381	0.020914642848020054	0.0064001188960521324	0.00742407508557134
ITALY	44928	0.032	1.98e-05	0.01680838871661587	0.046117431307744434	0.051589373222707145	0.05421136997065232	8.81011923995597e-05	0.00062237772285115	0.0005833211384533723	0.0030231899743507614	0.007176061103812815	0.02004589809953076	0.006887721020543937	0.008051134251189715
ITALY	44935	0.028	2.9e-05	0.015323610297918842	0.04247813659713263	0.052702138164335735	0.055608109220921874	7.963746302194107e-05	0.0005629018993239002	0.0005279037345555721	0.0027493204468010675	0.00666614311146241	0.019158877981183108	0.007220796927035357	0.008519142926502594
ITALY	44942	0.026	3.87e-05	0.013958422492194254	0.0390821491061581	0.05436280643138013	0.057590118619155785	7.198420879371046e-05	0.000509069410874989	0.00047769422067013724	0.002498940444166928	0.006176110138563626	0.01826229757504308	0.007432862727971359	0.008863600808499563
ITALY	44949	0.022	4.29e-05	0.012708607379644153	0.03592989392737088	0.05540101266129712	0.05896421623117781	6.506198526966683e-05	0.000460341521754091	0.00043219911353248357	0.0022702229183257866	0.005708139156632582	0.017363282507802166	0.007503953367791626	0.009061521772837975
ITALY	44956	0.023	6.1e-05	0.011565003751625669	0.03300508040440011	0.056107277955746965	0.06002761075858365	5.880519253892792e-05	0.0004162568216077185	0.0003910096015986783	0.0020615406290934854	0.005267247512088004	0.016473384245358453	0.007515975242068964	0.009201578805682032
ITALY	44963	0.022	8.97e-05	0.010519558150566542	0.03029414117814233	0.05628564002298871	0.06058072567952536	5.314786661548862e-05	0.000376367593996555	0.0003537384873748064	0.0018713282917220881	0.00485348163300237	0.015596954176625455	0.007492204410026752	0.00930861750580757
NETHERLANDS	44818	0.077	6.8e-05	0.03353729408599141	0.08966757616624826	0.0	0.0	0.0004296580625183935	0.002969495464198322	0.0027183151337718185	0.012031687776650387	0.01227886184088878	0.023559645682575344	6.260478017237473e-05	8.9483348158143e-05
NETHERLANDS	44825	0.075	3.92e-05	0.030671582705691227	0.0828262055198173	0.0	0.0	0.00038849899521101004	0.002692159009365395	0.0024706953866949805	0.011113858602902503	0.012167358857888144	0.023918120033364736	9.602546824784492e-05	0.00012657918532558312
NETHERLANDS	44832	0.073	2.39e-05	0.028032653187223804	0.07642198360990715	0.0	0.0	0.000351280550661228	0.002440077856976756	0.0022444880335990855	0.010250744309143028	0.012082887481843451	0.02429172582692403	0.00016240324659146557	0.0002002792321770166
NETHERLANDS	44839	0.073	1.63e-05	0.02560479587748358	0.07043916112154185	0.0	0.0	0.00031763701366737616	0.002211118976453586	0.0020382118273323015	0.00944166576829471	0.012095017363002121	0.02478447531977684	0.00029059559520998107	0.00034275941624599827
NETHERLANDS	44846	0.07	1.12e-05	0.023373101315756414	0.06486052049070322	0.0	0.0	0.0002872062322616294	0.0020031725840043506	0.001850301680925944	0.00868522058027124	0.012262531642888097	0.02548453287979371	0.0005168583810532643	0.0005946170418182397
NETHERLANDS	44853	0.068	8.5e-06	0.021323466649165543	0.05966780132399516	0.0	0.0	0.0002596719752858978	0.0018143450762151327	0.0016790987502892881	0.00797929862543756	0.012288524529400461	0.025952784258790548	0.0008094718789677285	0.0009220987460938605
NETHERLANDS	44860	0.063	7.3e-06	0.019442590088622147	0.0548420773491067	0.0	0.0	0.00023475597865562462	0.0016429296245000706	0.0015231589459140265	0.007321851718452711	0.01212239372177233	0.02610564791023063	0.0011390457180118006	0.0012937596582099514
NETHERLANDS	44867	0.059	6.2e-06	0.017717956279410266	0.05036408355104853	0.0	0.0	0.0002122119051531551	0.0014873831945980656	0.0013812330777165335	0.006710911840582798	0.011748186089375284	0.02590930695036045	0.0014558729876458728	0.0016555158279239607
NETHERLANDS	44874	0.056	7.8e-06	0.01613781500430928	0.04621449412932954	0.0	0.0	0.00019182447790411952	0.0013463256099012955	0.001252156876431074	0.0061443810675270915	0.011268895297709794	0.025507546637311047	0.0017887230430173656	0.0020390493833837542
NETHERLANDS	44881	0.052	8.7e-06	0.014691155202603239	0.04237415344163007	0.0	0.0	0.00017339951711855395	0.001218497418769091	0.0011348896549421199	0.005620178014643846	0.010748187729540006	0.024991508148888196	0.0021871795362075888	0.0024996402143608984
NETHERLANDS	44888	0.05	1.08e-05	0.013367675889892577	0.03882426321321448	0.0	0.0	0.00015676111977896092	0.0011027465334521869	0.0010283900970324848	0.005135978219623937	0.010213631619294223	0.02440051988711267	0.0026999023475085494	0.0030918080683035687
NETHERLANDS	44895	0.046	1.31e-05	0.012157755210788216	0.035546530034594445	0.0	0.0	0.0001417321033460648	0.0009979411216103084	0.0009316729209778307	0.004689385490726709	0.009669153889652513	0.023740283454263548	0.003335572486946384	0.0038266815578668545
NETHERLANDS	44902	0.042	1.56e-05	0.011052418554357787	0.032523277595511664	0.0	0.0	0.0001281412896993526	0.0009029981345053473	0.0008438927325198309	0.004278169965129464	0.009127404888283048	0.023030351360044707	0.0040946646162811915	0.004706627364569321
NETHERLANDS	44909	0.037	1.89e-05	0.01004330641179396	0.029737528265451882	0.0	0.0	0.00011584812577324064	0.0008169919626965481	0.000764209024365801	0.0038999804374664853	0.008596284015173464	0.022284035989268227	0.004969352269231768	0.00572476841561349
NETHERLANDS	44916	0.032	2.35e-05	0.009122642455270271	0.027173058582394737	0.0	0.0	0.00010473489624733796	0.000739121815485237	0.0006919169609551852	0.0035526830733507795	0.00806886341591641	0.021493408014305514	0.005779386188069593	0.0066846601653136615
NETHERLANDS	44923	0.027	3.4e-05	0.008283202162112155	0.024814433001622723	0.0	0.0	9.46872004175402e-05	0.0006686240893953307	0.0006263603539293085	0.0032341840478077653	0.007543366746822951	0.020658230827806715	0.006473405944593398	0.0075298299900317745
NETHERLANDS	44930	0.019	4.19e-05	0.007518282193496375	0.02264701992991389	0.0	0.0	8.55931333692933e-05	0.0006047656289828734	0.0005669118398952131	0.002942401843585822	0.007025779476981868	0.019789867516113228	0.00694284479856398	0.008139995630913823
NETHERLANDS	44937	0.014	6.24e-05	0.006821670655359871	0.020656993666967667	0.0	0.0	7.736984325672878e-05	0.0005469615252356551	0.0005130352751612971	0.002675435516987698	0.006522489259983955	0.018901130928744764	0.007255663624883227	0.008588500064175874
NETHERLANDS	44944	0.019	0.0001049	0.006187618314349982	0.018831325429745964	0.0	0.0	6.993343064773978e-05	0.0004946411727197477	0.0004642217301335156	0.002431428321868572	0.006038934920750318	0.018003709554615735	0.007437265406643441	0.008901981225946463
NETHERLANDS	44951	0.022	0.0001537	0.005610810807112247	0.01715776617533	0.0	0.0	6.320790157684011e-05	0.0004472857330675885	0.0004199963788534893	0.0022085957918412417	0.00557876189218608	0.017106954609738493	0.0074924069884900815	0.00908446189649603
NY	44821	0.1	2.63e-05	0.026509417910907378	0.06374140270392145	0.0	0.0	0.0004115172512424381	0.00284742827347377	0.0026095101361031997	0.01163169223065571	0.012286446694651676	0.023797631345980803	7.799261261625161e-05	0.00010650678290816356
NY	44828	0.093	1.34e-05	0.0255001328913838	0.06072512170306868	0.0	0.0	0.0003720936532378	0.0025811853722813405	0.0023712455527357575	0.01073735438785807	0.012177133320286786	0.02414903035441556	0.00012597182481558354	0.000159720464746295
NY	44835	0.084	6.7e-06	0.02455528849680692	0.05788344402058823	0.0	0.0	0.00033645696626964774	0.00233929590925188	0.0021538041591361956	0.009897612811755725	0.012181265141399835	0.024642946134917076	0.00022580391536886063	0.0002704368421130162
NY	44842	0.082	4.3e-06	0.02389388230162764	0.0555015924331101	0.0	0.0	0.00030422929322677196	0.0021195764195101763	0.001955591330516948	0.009111293374002266	0.01227306303371727	0.025243316140471827	0.00040335932724095867	0.0004676874644674395
NY	44849	0.077	3.4e-06	0.02317791225904029	0.05315035754788518	0.0	0.0	0.0002750736625552791	0.0019200329452221444	0.0017750071421307819	0.008376698444442318	0.012378052400599946	0.02584231098829039	0.0006662164706480708	0.0007607844929314176
NY	44856	0.073	3.1e-06	0.02146777823660827	0.047678338197087874	0.07427730959119912	0.07590320235193064	0.0002486917476961608	0.0017388585908715648	0.0016104807376610575	0.007691727924020779	0.012303649897376997	0.026149954638506747	0.000979829924379684	0.0011127679058071172
NY	44863	0.068	3.1e-06	0.02078565486200005	0.045324605941656	0.08779801940887252	0.08989279692481443	0.00022482047398090347	0.0015744229090105648	0.0014607219031863884	0.007054525787287987	0.012030135031324586	0.026127526507031578	0.0013133563673602122	0.0014904686610735696
NY	44870	0.061	3.9e-06	0.02025682309883902	0.0433264313969837	0.09972851864024747	0.10230570921400674	0.00020322361057961404	0.0014252382895371166	0.0013244261278473966	0.006462846730382245	0.011575515933638517	0.025791607497408584	0.0016161090736038469	0.0018385335040238052
NY	44877	0.053	4.2e-06	0.019675173233271434	0.041450040764852966	0.10978860316689604	0.11285740976781583	0.00018370217664143146	0.0012900082330781564	0.001200558713212984	0.00591477440331508	0.011074026832779492	0.02533466645647533	0.00199354488535842	0.002273028578204323
NY	44884	0.046	4.6e-06	0.019169900207105437	0.039791330678013596	0.11853473919245153	0.12211549778246726	0.00016606510047346547	0.0011674984625776935	0.0010880301989089505	0.005408004467730986	0.010542556374196023	0.02477944864299885	0.0024463918227233816	0.0027957365952908965
NY	44891	0.039	6.6e-06	0.01880528466434509	0.038479899137259604	0.12568356544495793	0.12979458417900044	0.0001501399914312955	0.0010565838959400381	0.0009858217824628038	0.004940174222133032	0.009998947449328523	0.024151688706404204	0.0030280202343834755	0.003466607811168967
NY	44898	0.031	9.1e-06	0.01788883296321493	0.03656007580974759	0.13082109108391768	0.1354694005270751	0.00013574623227097623	0.0009561274517569125	0.0008930417445016399	0.004509032742099043	0.00945381000576158	0.023467306622607365	0.0037489451883391408	0.004298877979546302
NY	44905	0.021	1.22e-05	0.017520781464510433	0.035392327773014196	0.1369981373688617	0.14225998451994942	0.00012272507573254108	0.0008651102369714891	0.0008088256430503469	0.0041122454553364374	0.008913109209479972	0.022736351203937508	0.0045760171594017955	0.0052580129426513115
NY	44912	0.014	1.69e-05	0.016960727060166176	0.03405282117967164	0.14309518709171673	0.1490287327463855	0.00011095117895689264	0.0007826839462837351	0.0007323891009413341	0.0037475450822372336	0.008381921376389774	0.021968350601074795	0.005431884473365902	0.006260915760734116
NY	44919	0.01	2.52e-05	0.016389317837140076	0.03278622425037007	0.1478548609303926	0.15449632018274248	0.00010030937344554472	0.0007080690084520137	0.0006630607052675764	0.0034128419219908086	0.007853870040959342	0.02115616634002131	0.006190207364532962	0.007169476065243157
NY	44926	0.013	4.35e-05	0.01580549432029059	0.03158491903879286	0.15044218953783536	0.1578104151610656	9.067941658093411e-05	0.0006404848229821129	0.0006001817109609756	0.00310601055674625	0.007324811111179142	0.02029616612126851	0.006737106384091484	0.007858419308155564
NY	44933	0.026	7.82e-05	0.015135845577516656	0.03029337460981341	0.15321643795960438	0.16138194719680984	8.196914920202694e-05	0.0005792935925595285	0.00054318887719039	0.002825102812408548	0.006811444681388567	0.01941585052826074	0.007140903058312307	0.008401110765900392
NY	44940	0.022	8.57e-05	0.014626684877401326	0.02924733162244669	0.15616734009541555	0.16520750106476342	7.409220177243293e-05	0.0005239033925272037	0.0004915393944871424	0.0025681920930217604	0.006314480383641285	0.01851977684940179	0.0073724805323601116	0.008764487674160245
NY	44947	0.021	9.95e-05	0.013804612274309026	0.02784122962831312	0.15748338526217903	0.16744001525701752	6.696828777315414e-05	0.00047376698294001153	0.00044474083655722405	0.002333455936390447	0.005839392991508992	0.017619852732330698	0.00748025590507518	0.009000497066048121
NY	44954	0.004	0.0001164	0.013308589451273212	0.026872574810944835	0.15813311839492125	0.16907056699385817	6.052788077689777e-05	0.00042840098585641425	0.000402363591876522	0.0021192164173981054	0.0053906271693209655	0.01672671209778941	0.007508967035821593	0.009156960796377298
NY	44961	-0.013	0.0001921	0.01287299551959316	0.02600011018581434	0.15866562449973026	0.17066364382800345	5.4705514134132605e-05	0.0003873557649984102	0.00036401427537792507	0.0019238899191683161	0.004969181452251192	0.015846103680881737	0.007497048532564498	0.009275282910528374
SPAIN	44827	0.107	7.95e-05	0.033553146850343746	0.08623407669889567	0.0009842138915240643	0.0010069328538546063	0.0003774861434283025	0.0026176833598557806	0.002403979808354326	0.01086177364855227	0.012182582840531144	0.02408533573591613	0.00011613000884980705	0.000148813482583476
SPAIN	44834	0.091	3.06e-05	0.03077943610683453	0.07989635100861231	0.0013142359333370532	0.001346634689791118	0.0003413300409831464	0.002372441773387143	0.0021836498167543796	0.010014264964738203	0.01216164139892646	0.024545606807682356	0.00020569777641962856	0.00024814680953532715
SPAIN	44841	0.082	1.34e-05	0.028215661994768514	0.07395654658904754	0.001472908255262399	0.0015122158272011272	0.0003086370636273942	0.002149682249512986	0.0019827813228951666	0.009220390666165642	0.012223737864546197	0.025105337622211874	0.00036712323265351875	0.0004274712282831739
SPAIN	44848	0.079	8.9e-06	0.025842689809510547	0.06838114118944438	0.0017674547329397945	0.0018171379655847672	0.0002790614976244589	0.0019473704897156325	0.0017997841847365774	0.00847854652027699	0.012360395412398768	0.025754154797365356	0.000620970456012279	0.0007102944352675561
SPAIN	44855	0.08	5.6e-06	0.023646346122112246	0.06314940112767158	0.003064224600107027	0.0031477745193363373	0.00025230115670523003	0.0017636798691876227	0.0016330603083193028	0.007786632787043237	0.012322395212949418	0.026119896276264893	0.0009314514832158276	0.0010583331164778493
SPAIN	44862	0.08	5.4e-06	0.021625686670590807	0.058280335274989326	0.003676473478790159	0.0037821517449456673	0.00022808409911565102	0.0015969376652972462	0.0014812505226848495	0.0071426863472883965	0.012065868223656188	0.026128408829134992	0.0012540934728220118	0.0014235322071621162
SPAIN	44869	0.079	5.4e-06	0.019762731768558382	0.05373633034809365	0.004478933685359828	0.004613197898112029	0.00020617453328151188	0.0014456545154316945	0.0013430769584520626	0.006544573033946209	0.011622268032023722	0.025815911642317352	0.0015394766198411445	0.001751993756683665
SPAIN	44876	0.077	7.2e-06	0.018048080402209992	0.04950517468816495	0.005307580769553699	0.005473977772114477	0.00018637006962583867	0.001308514861390561	0.0012175213620772033	0.005990454620507133	0.011137463465680238	0.025391111658421967	0.001917024015245253	0.00218587769638558
SPAIN	44883	0.072	1.06e-05	0.016471612762244844	0.04557062933083938	0.006062543330292629	0.006262709221181217	0.00016847439534739252	0.0011842575879836953	0.001103438529331202	0.005477931574836034	0.010610214046376784	0.024849906356596077	0.0023507476390074574	0.002686759981635726
SPAIN	44890	0.066	1.28e-05	0.015024046468946228	0.0419176048582078	0.006712263008798548	0.006947375561914812	0.00015231552521608916	0.0010717555810559184	0.000999816698865627	0.00500468731950227	0.010069636501701437	0.024234428955469536	0.002907036532094034	0.0033287589541782857
SPAIN	44897	0.059	1.86e-05	0.013696286887808365	0.03853026670403189	0.007103416552087933	0.007371209139392445	0.00013771367078791843	0.0009698721986480974	0.0009057428373548357	0.0045684447034287	0.009525214554987296	0.023558803808231957	0.0036019698032520534	0.0041311726595081475
SPAIN	44904	0.048	2.42e-05	0.012476588078685449	0.035383039316567146	0.00773833014886908	0.008047175230913403	0.00012450462039006576	0.0008775613221916537	0.0008203509816537816	0.004166885143243532	0.008981164288744233	0.022830400480949514	0.004391902755369658	0.0050480063112744245
SPAIN	44911	0.035	2.95e-05	0.01135842457635428	0.03246607101102301	0.008592448783329817	0.008951427243075625	0.00011255991020124919	0.0007939574110291783	0.0007428440340132719	0.0037977267488017662	0.008452573865064407	0.02207338142131799	0.005262704274919715	0.006065469990055206
SPAIN	44918	0.021	4.25e-05	0.010336562214185527	0.029772711777458192	0.009044433139769473	0.009449564879382437	0.00010176301242024473	0.0007182716199920744	0.0006725360154395692	0.0034588565427851018	0.007924454116064442	0.021267923915919387	0.006028243553331248	0.006980168116979038
SPAIN	44925	0.011	4.6e-05	0.009402527465726085	0.027285010610476564	0.009263837523483202	0.009714322247009756	9.19954728883439e-05	0.0006497284141243184	0.0006087773110688728	0.003148178762452234	0.007396324999099901	0.02041576846262455	0.006624348131066512	0.007721415448848922
SPAIN	44932	0.005	6.47e-05	0.008548517607157623	0.02498635274367127	0.009479921600660676	0.009979791601245121	8.315883365710856e-05	0.0005876593717093401	0.0005509740727222474	0.0028636785974156466	0.006881716775097022	0.01953961693394347	0.007052720269204036	0.008289578391712439
SPAIN	44939	-0.001	9.68e-05	0.0077676742031654806	0.02286241155047661	0.009851896222726211	0.01040896134693274	7.516817746606829e-05	0.0005314762176020455	0.0004985898738909007	0.0026034475527998216	0.006382783311171293	0.018646120568519362	0.0073150101858995035	0.008685342674722506
SPAIN	44946	-0.009	9.85e-05	0.007054665099487269	0.020903087267971538	0.010404064428698104	0.011027488393211842	6.79422598934516e-05	0.0004806250288828695	0.0004511279891396416	0.0023656543291389522	0.005905097172547716	0.017747279775130884	0.007456347902050828	0.008957016083810478
SPAIN	44953	-0.008	0.0001364	0.006405039675880741	0.01910048194519198	0.010753718050182595	0.011444909472250346	6.140837152102538e-05	0.0004346060966554994	0.0004081391772284648	0.002148574470268277	0.005452563548504411	0.016852898307744685	0.00749452868654578	0.009122888707085502
SPAIN	44960	-0.013	0.0001526	0.00581327319863377	0.017442610121113474	0.010956438488707221	0.011717892109035847	5.550183329455275e-05	0.0003929711099677945	0.00036922422711925843	0.0019506089721248701	0.0050274181846866935	0.01597053707245996	0.007490738807822337	0.009249241294963928
SPAIN	44967	-0.015	0.0001957	0.005274460592366643	0.0159189102869094	0.011095284236049325	0.011931390408225943	5.0162061056991655e-05	0.0003553038685153401	0.0003340193985776639	0.0017702568518824142	0.004628771693375671	0.015103144158565113	0.007450114281607492	0.009341055179228378
TX	44823	0.068	4.04e-05	0.007506154280100988	0.027185411649795942	0.0	0.0	0.00039984961124861864	0.00276876700607404	0.0025392629404166287	0.01137065777463873	0.012262736920708311	0.023911945539015978	8.926989301332868e-05	0.0001190073621187586
TX	44830	0.078	3.13e-05	0.0068091520301819305	0.024933421325627737	0.0	0.0	0.00036154399730459164	0.00250969427482253	0.0023070717305605725	0.01049191642207759	0.012160207392420552	0.0242662088618675	0.0001475810945727142	0.00018369075559705156
TX	44837	0.087	2.24e-05	0.006494410332622607	0.023224658598722296	0.0	0.0	0.00032692000968191734	0.002274362228594625	0.002095291864363103	0.009667593187988065	0.012194330590712623	0.024797904039016265	0.0002663284308118339	0.0003154527925326016
TX	44844	0.091	1.77e-05	0.0064419675454107	0.021922179214274463	0.0	0.0	0.00029560216179791145	0.002060600036066651	0.0019022981385612948	0.008896291626929254	0.012313273197586651	0.025432267703099035	0.0004732509357399724	0.0005454619024807492
TX	44851	0.088	1.38e-05	0.00626290346970312	0.020533806833701665	0.0	0.0	0.000267267601518422	0.0018664801666595477	0.0017264794102726275	0.00817614925381128	0.012374022476610928	0.025959183135236104	0.0007562021512089366	0.0008614369935948987
TX	44858	0.081	9.1e-06	0.005720961908174959	0.018327240584978068	0.020255324520407333	0.020710088695341577	0.00024162771022640791	0.0016902441677045272	0.001566298361671575	0.007505019288305729	0.012251890456582164	0.026187005123696466	0.0010846398011884193	0.0012307385732380604
TX	44865	0.077	6.7e-06	0.005242010355404612	0.016729092379772388	0.0213026448957566	0.021829222082710317	0.0002184271986264532	0.0015303026122002203	0.0014204802375411617	0.006880975736632877	0.011914822101523039	0.026058441185100645	0.0014073696926841148	0.0015977847973255533
TX	44872	0.071	5.9e-06	0.00873545151638028	0.01962059451523871	0.05178497115200581	0.053026229515990175	0.00019744327977872056	0.0013852345505085987	0.0012878222296794075	0.006301918817527657	0.011438661422667494	0.025676122420430665	0.0017272045601944908	0.0019657797258073964
TX	44879	0.063	5.8e-06	0.010576751787929849	0.02110364564376948	0.06798623214610046	0.06972191748187107	0.00017847737397494803	0.0012537532870565734	0.0011672920197298182	0.00576586090655075	0.010921570143971073	0.025180850477211036	0.0021103668585777348	0.0024080586313578716
TX	44886	0.061	6.3e-06	0.01075097517215349	0.02070062021296204	0.07288622659641725	0.07491153930059653	0.0001613485568619948	0.0011346768583154973	0.0010578306299630822	0.005270500867958807	0.010388811616530125	0.024608108804731237	0.0026203853725331578	0.0029952690582719767
TX	44893	0.057	7.3e-06	0.01064145193960613	0.02005528525524511	0.07608133085504662	0.0783885233028864	0.00014587877971847737	0.0010268626546238648	0.0009584021010517396	0.004813378165365113	0.009841370795339902	0.02395906538809628	0.0032312559369073257	0.0037005147013439736
TX	44900	0.051	8.2e-06	0.010771504468849703	0.019780080396746377	0.07937877180932801	0.08199769531780679	0.0001318915130312743	0.0009291978395006882	0.0008681495675416342	0.004392278437631462	0.009296223932570052	0.02325932772472681	0.003978533176217194	0.004564533380257665
TX	44907	0.046	9.1e-06	0.010911055858704367	0.019592909688432022	0.0829125041922552	0.0858795437034378	0.00011923848988818598	0.0008407161638254503	0.0007862159912472716	0.00400484694401357	0.008758726185927499	0.02251824603632104	0.00483120710193001	0.005555068030996495
TX	44914	0.037	1.16e-05	0.010805348026037399	0.019148542911269616	0.08709503713179786	0.09045848645477585	0.00010780003252169374	0.0007606012751021781	0.0007118804457408158	0.003648937469693139	0.008228052483067731	0.021736814697154168	0.005664584463040032	0.006536941939682043
TX	44921	0.027	1.42e-05	0.010640118177791806	0.01870926101674542	0.09011443413252974	0.09388812535637751	9.746047645261042e-05	0.0006880778231712848	0.0006444679946988732	0.0033224311684520186	0.007702381758458381	0.020914642848020054	0.0064001188960521324	0.00742407508557134
TX	44928	0.02	2.12e-05	0.010677341112921705	0.018584978170359284	0.09252619182574817	0.09673568383891762	8.81011923995597e-05	0.00062237772285115	0.0005833211384533723	0.0030231899743507614	0.007176061103812815	0.02004589809953076	0.006887721020543937	0.008051134251189715
TX	44935	0.013	2.95e-05	0.010593841715384819	0.018355610457312016	0.09488233166828298	0.09956745458161126	7.963746302194107e-05	0.0005629018993239002	0.0005279037345555721	0.0027493204468010675	0.00666614311146241	0.019158877981183108	0.007220796927035357	0.008519142926502594
TX	44942	0.013	4.36e-05	0.010433847497197179	0.018067087269384274	0.09717835161583874	0.10238185654417604	7.198420879371046e-05	0.000509069410874989	0.00047769422067013724	0.002498940444166928	0.006176110138563626	0.01826229757504308	0.007432862727971359	0.008863600808499563
TX	44949	0.014	6.48e-05	0.010481920247140479	0.018095277402826043	0.09802071443456466	0.10375829560419995	6.506198526966683e-05	0.000460341521754091	0.00043219911353248357	0.0022702229183257866	0.005708139156632582	0.017363282507802166	0.007503953367791626	0.009061521772837975
TX	44956	0.009	9.06e-05	0.01009447382072677	0.01758835453532614	0.09893712716899378	0.10525686666412944	5.880519253892792e-05	0.0004162568216077185	0.0003910096015986783	0.0020615406290934854	0.005267247512088004	0.016473384245358453	0.007515975242068964	0.009201578805682032
TX	44963	0.002	0.0001335	0.009520462611851343	0.01685872588393903	0.09936587206623111	0.10630769588512252	5.314786661548862e-05	0.000376367593996555	0.0003537384873748064	0.0018713282917220881	0.00485348163300237	0.015596954176625455	0.007492204410026752	0.00930861750580757
USA	44825	0.083	2.6e-06	0.023800690851557955	0.06378566640299886	0.017001001965611977	0.01789711176770085	0.00038849899521101004	0.002692159009365395	0.0024706953866949805	0.011113858602902503	0.012167358857888144	0.023918120033364736	9.602546824784492e-05	0.00012657918532558312
USA	44832	0.082	1.8e-06	0.021444960972069795	0.05885964010887175	0.02708714293114918	0.02829317488636735	0.000351280550661228	0.002440077856976756	0.0022444880335990855	0.010250744309143028	0.012082887481843451	0.02429172582692403	0.00016240324659146557	0.0002002792321770166
USA	44839	0.081	1e-06	0.019261864714755696	0.05415299984611177	0.03761808944706264	0.03917491437134868	0.00031763701366737616	0.002211118976453586	0.0020382118273323015	0.00944166576829471	0.012095017363002121	0.02478447531977684	0.00029059559520998107	0.00034275941624599827
USA	44846	0.078	7e-07	0.0172433423607706	0.04966126210653857	0.048588301986730725	0.0505407721214306	0.0002872062322616294	0.0020031725840043506	0.001850301680925944	0.00868522058027124	0.012262531642888097	0.02548453287979371	0.0005168583810532643	0.0005946170418182397
USA	44853	0.072	5e-07	0.01539763573693456	0.04543187887144911	0.05950623261746101	0.061892566141189584	0.0002596719752858978	0.0018143450762151327	0.0016790987502892881	0.00797929862543756	0.012288524529400461	0.025952784258790548	0.0008094718789677285	0.0009220987460938605
USA	44860	0.068	4e-07	0.013713803956037413	0.041453243845364494	0.07036762458517687	0.07322897137770136	0.00023475597865562462	0.0016429296245000706	0.0015231589459140265	0.007321851718452711	0.01212239372177233	0.02610564791023063	0.0011390457180118006	0.0012937596582099514
USA	44867	0.065	3e-07	0.01220362318842989	0.03778635094564826	0.08009734569483794	0.08345571192904401	0.0002122119051531551	0.0014873831945980656	0.0013812330777165335	0.006710911840582798	0.011748186089375284	0.02590930695036045	0.0014558729876458728	0.0016555158279239607
USA	44874	0.061	3e-07	0.010846894238983818	0.03439115306790744	0.08840313244478178	0.09227429400829441	0.00019182447790411952	0.0013463256099012955	0.001252156876431074	0.0061443810675270915	0.011268895297709794	0.025507546637311047	0.0017887230430173656	0.0020390493833837542
USA	44881	0.057	3e-07	0.009633617441483291	0.03125959396777638	0.09547787290347068	0.09988252562579703	0.00017339951711855395	0.001218497418769091	0.0011348896549421199	0.005620178014643846	0.010748187729540006	0.024991508148888196	0.0021871795362075888	0.0024996402143608984
USA	44888	0.053	3e-07	0.008562038389781815	0.028409460016201912	0.10122165529845896	0.1061798872074711	0.00015676111977896092	0.0011027465334521869	0.0010283900970324848	0.005135978219623937	0.010213631619294223	0.02440051988711267	0.0026999023475085494	0.0030918080683035687
USA	44895	0.049	4e-07	0.007602849411354821	0.02576997114210557	0.10466402379951405	0.11017298309180429	0.0001417321033460648	0.0009979411216103084	0.0009316729209778307	0.004689385490726709	0.009669153889652513	0.023740283454263548	0.003335572486946384	0.0038266815578668545
USA	44902	0.044	5e-07	0.006738393721625002	0.023306094210561974	0.10910697645027026	0.11523715076476519	0.0001281412896993526	0.0009029981345053473	0.0008438927325198309	0.004278169965129464	0.009127404888283048	0.023030351360044707	0.0040946646162811915	0.004706627364569321
USA	44909	0.039	6e-07	0.0059662029966250025	0.02102997513597845	0.11366946966817924	0.12047614797491293	0.00011584812577324064	0.0008169919626965481	0.000764209024365801	0.0038999804374664853	0.008596284015173464	0.022284035989268227	0.004969352269231768	0.00572476841561349
USA	44916	0.034	9e-07	0.005282621503711862	0.01894859517518916	0.11727679667802117	0.12479514909578063	0.00010473489624733796	0.000739121815485237	0.0006919169609551852	0.0035526830733507795	0.00806886341591641	0.021493408014305514	0.005779386188069593	0.0066846601653136615
USA	44923	0.028	1.3e-06	0.004686929940637708	0.01707672474345121	0.11876053659342861	0.12700073291969038	9.46872004175402e-05	0.0006686240893953307	0.0006263603539293085	0.0032341840478077653	0.007543366746822951	0.020658230827806715	0.006473405944593398	0.0075298299900317745
USA	44930	0.025	2e-06	0.004156457221395345	0.015356952849753322	0.12025883260681412	0.1292765114163499	8.55931333692933e-05	0.0006047656289828734	0.0005669118398952131	0.002942401843585822	0.007025779476981868	0.019789867516113228	0.00694284479856398	0.008139995630913823
USA	44937	0.021	2.9e-06	0.0036826349395108035	0.013775183487244843	0.12196129232524856	0.13181846090572494	7.736984325672878e-05	0.0005469615252356551	0.0005130352751612971	0.002675435516987698	0.006522489259983955	0.018901130928744764	0.007255663624883227	0.008588500064175874
USA	44944	0.018	4e-06	0.0032660057580610417	0.012344857455574156	0.12289057607232826	0.1336304289975894	6.993343064773978e-05	0.0004946411727197477	0.0004642217301335156	0.002431428321868572	0.006038934920750318	0.018003709554615735	0.007437265406643441	0.008901981225946463
USA	44951	0.018	6.2e-06	0.002899178569978003	0.011052167080485257	0.12323890988801471	0.13490863730887473	6.320790157684011e-05	0.0004472857330675885	0.0004199963788534893	0.0022085957918412417	0.00557876189218608	0.017106954609738493	0.0074924069884900815	0.00908446189649603
USA	44958	0.014	8.1e-06	0.0025746848223148775	0.009881380099506114	0.12310037401195824	0.13574953095431697	5.7129270222075315e-05	0.0004044455040925686	0.00037996029794191044	0.002005336502987794	0.00514586081224612	0.016220822758818202	0.0074961218234924605	0.009217248235001958
USA	44965	0.014	1.37e-05	0.002287789403644874	0.008824026780397306	0.12266648051702483	0.13634869050326145	5.163285003094291e-05	0.0003656823409657811	0.0003437380325851076	0.0018201170919901382	0.004739766283654057	0.015348904690870064	0.007464773491820454	0.00931763246782593
