country	time	s_hat	s_var	C_delta_vac	C_alpha_vac	C_delta_alpha	C_alpha_alpha	C_delta_delta	C_alpha_delta	new_cases_1	new_cases_2	R_inst	Fabs
ITALY	44319	0.06	3.01e-05	0.08011755318695457	0.09220453348144052	0.010886234745010494	0.01697901375627323	0.0002558792646016384	0.00013462871468017555	0.00020317706723685182	0.00013236551566938156	0.8438996745404654	-0.030607906952849928
ITALY	44326	0.046	1.74e-05	0.09469896457745636	0.10901971367726038	0.010964299982433	0.017406038740224707	0.0002843715039190749	0.00015070741551091407	0.00017177297356054527	9.274744293045835e-05	0.7754930631395104	-0.044020968011860714
ITALY	44333	0.058	1.31e-05	0.11042540540483888	0.1272362752407452	0.010844904717087498	0.01756814965607162	0.00030637145336278443	0.00016202880914415626	0.00013236551566938156	6.536751272173482e-05	0.742981213726894	-0.050395840445707066
ITALY	44340	0.07	1.11e-05	0.12968187988674987	0.14947836097840725	0.010575945860935295	0.017520754025227476	0.00032359946739565407	0.0001699162694142149	9.274744293045835e-05	4.617671375650921e-05	0.7459455065411902	-0.049814606560550936
ITALY	44347	0.079	9.9e-06	0.15002834157001746	0.17311870762810144	0.010212335796232895	0.01733017217559348	0.0003437561819816653	0.0001797066144748343	6.536751272173482e-05	3.3080729852009004e-05	0.7518943058548074	-0.048648175322586786
ITALY	44354	0.088	8.5e-06	0.16162572121225866	0.1874071263095155	0.009773636243096693	0.01701744690711359	0.0003727194160417331	0.00019533475088352595	4.617671375650921e-05	2.338298101922257e-05	0.7521155240435763	-0.048604799207141905
ITALY	44361	0.088	6.5e-06	0.17196715290565517	0.20046373178422522	0.00930089440352825	0.016632796288553155	0.00040550123056626514	0.00021322347720876782	3.3080729852009004e-05	1.4999800140708317e-05	0.7118813081377922	-0.05649386114945252
ITALY	44368	0.095	5.6e-06	0.19255216773063813	0.2248421037525991	0.008802990650262316	0.01618523026924629	0.00043404409492505167	0.0002278637051038457	2.338298101922257e-05	1.2231043153308752e-05	0.7639314877177785	-0.0462879435847493
ITALY	44375	0.105	6.1e-06	0.215799308134224	0.2523503986689153	0.008294756406245735	0.015692205516121858	0.00045889546774962225	0.00023973595647160668	1.4999800140708317e-05	1.621852650695647e-05	1.0284570249137497	0.005579808806617578
ITALY	44382	0.103	8e-06	0.24290801586820068	0.28431705578702376	0.00779380147423507	0.01517567892259675	0.0004983771644401869	0.0002613787688007408	1.2231043153308752e-05	3.0445677796053388e-05	1.3322164768113929	0.06514048564929274
ITALY	44389	0.097	1.12e-05	0.2786445618582463	0.3259885846983581	0.007305487159775179	0.014642276622334294	0.0005826266156368732	0.00031301979406903133	1.621852650695647e-05	5.722926034595205e-05	1.4593319049938418	0.0900650794105572
ITALY	44396	0.084	1.99e-05	0.3161784306252579	0.36999060816041107	0.0068355662471195	0.014099701060237413	0.0007837859552781594	0.00044290874642020407	3.0445677796053388e-05	8.164875039122598e-05	1.3593614730588812	0.07046303393311397
BELGIUM	44318	0.043	4.75e-05	0.05496245993593804	0.06422309901837246	0.011563995326783495	0.017606207430855593	7.183372966599789e-05	4.69304592615357e-05	0.0002797989024141065	0.0002232754222595636	0.917793445089495	-0.016118932335393146
BELGIUM	44325	0.038	2.97e-05	0.07220716998369354	0.08371666456899886	0.012102746041568307	0.018667942494130074	0.00010541051279681414	6.840063574451126e-05	0.0002590746497773252	0.000198166838842733	0.9023688978994705	-0.019143353353045008
BELGIUM	44332	0.042	2.39e-05	0.09146256201264213	0.10555027732640092	0.0123306881722843	0.01933209886710827	0.0001370073943014207	8.784125335399097e-05	0.0002232754222595636	0.00017977598353987066	0.9210612722174982	-0.015478181918137615
BELGIUM	44339	0.052	1.74e-05	0.11234735119758162	0.12936908256729301	0.012591114289679914	0.020039522263583298	0.00018076067213903163	0.00011499261477928438	0.000198166838842733	0.00013460632357063597	0.8591107150966588	-0.027625349981047296
BELGIUM	44346	0.072	1.53e-05	0.13952939148755528	0.1602818996031647	0.012592373473760042	0.02040435173765728	0.0002248337518896384	0.00014154943756049742	0.00017977598353987066	9.295518116017984e-05	0.7597192972645506	-0.04711386328146069
BELGIUM	44353	0.1	1.21e-05	0.16691259902733166	0.1916908187169427	0.012438943195534976	0.02055578092027685	0.0002741334619952998	0.00017082088009731834	0.00013460632357063597	5.288829272906712e-05	0.6596943430344417	-0.06672659940501144
BELGIUM	44360	0.129	1.2e-05	0.20460402579974482	0.23465320437578197	0.012057351662784759	0.02038925547001999	0.00032246889697891027	0.0001985573442008094	9.295518116017984e-05	3.7690507462093126e-05	0.6711559405916956	-0.06447922733496166
BELGIUM	44367	0.143	1.12e-05	0.2286348466872246	0.26308149061347674	0.011535493578412414	0.020012111472172297	0.0003810192591733772	0.00023243766864639172	5.288829272906712e-05	4.355470339339037e-05	0.9292687165218452	-0.013868879113363698
BELGIUM	44374	0.141	1.29e-05	0.24688277277976287	0.28544128033724936	0.01097834083048049	0.019557166237085654	0.0005063507119190671	0.0003106105632199106	3.7690507462093126e-05	6.892118862081298e-05	1.2198666051195386	0.043111099043046795
BELGIUM	44381	0.129	1.73e-05	0.26380172663049495	0.30658171146682656	0.01039420256793525	0.01903240630919855	0.0007308277381130405	0.00045357473129537017	4.355470339339037e-05	0.00010380547876290478	1.3163825267924016	0.062035789567137574
BELGIUM	44388	0.118	3.98e-05	0.30766073165985025	0.35738254416269216	0.009816747108150437	0.018479894838179526	0.001197563999179355	0.0007568033579996914	6.892118862081298e-05	0.00012136736396029465	1.206134114652658	0.04041845385346238
GERMANY	44333	0.071	6.8e-06	0.08405521238805354	0.09759593669275618	0.007565815550766666	0.011515308026156683	5.112900303055367e-05	3.285692534235279e-05	0.00014484338915604584	6.94709193842652e-05	0.7323429493020657	-0.05248177464665378
GERMANY	44340	0.083	5.2e-06	0.10619456165314996	0.12273657386012396	0.00761878091066274	0.01181597851237303	6.606171579101941e-05	4.200856473748927e-05	0.00010367896844958382	4.2867118452427434e-05	0.678264962429604	-0.06308530148439138
GERMANY	44347	0.099	4.6e-06	0.13437422295187315	0.1546936447225435	0.0074706599598022855	0.011849191487603241	8.015291583505382e-05	5.032935093157295e-05	6.94709193842652e-05	2.91561448530402e-05	0.6837116435324191	-0.06201732479756489
GERMANY	44354	0.112	4e-06	0.1632572077822398	0.18769679749684895	0.007244589420556224	0.011771555919495984	9.786163188822735e-05	6.0834723325471446e-05	4.2867118452427434e-05	1.7262801097471625e-05	0.6686635272977088	-0.06496793582397865
GERMANY	44361	0.122	4.5e-06	0.2006510419082939	0.23030870641791215	0.006959304082214355	0.011603555707754605	0.00012168772290853451	7.517051676387521e-05	2.91561448530402e-05	9.077081683742303e-06	0.5749102820517732	-0.08335092508788762
GERMANY	44368	0.129	5.1e-06	0.23532704187820921	0.2703265562486577	0.00662077830550213	0.011349631081690247	0.00014227029278190173	8.688024087162756e-05	1.7262801097471625e-05	7.017668759996325e-06	0.6720980924555588	-0.06429449167538061
GERMANY	44375	0.134	8e-06	0.26442481089092235	0.30461338805787525	0.006267866079355954	0.011058144595164576	0.0001633258018370276	9.85569343460003e-05	9.077081683742303e-06	8.049503594051433e-06	0.9562338704942729	-0.008581594020730802
GERMANY	44382	0.133	1.28e-05	0.28632595694448826	0.3313528253207172	0.005914179073325375	0.010745246364276753	0.0001901468236775897	0.00011381484607927366	7.017668759996325e-06	1.2223667118286402e-05	1.2021577790284792	0.039638780201662574
SWEDEN	44345	0.127	1.4e-05	0.1061234586575622	0.12305846603882015	0.02158630067793025	0.03445747677914719	0.0001489394136592155	9.501665053661461e-05	0.00022037759729659986	0.00010533440330159013	0.7310834319527639	-0.05272873883279139
SWEDEN	44352	0.103	6e-06	0.13284239369232417	0.15340297741207662	0.02101774178424095	0.034328309122197115	0.00029697393202808374	0.00019358734975480224	0.00013864378078560065	4.621693701559578e-05	0.5998097092008594	-0.07846868447041973
SWEDEN	44359	0.082	3.5e-06	0.16291836183933633	0.18767638572222212	0.020186947819049086	0.033821646977341316	0.000419359754569877	0.00027136998495019187	0.00010533440330159013	3.8244620834323216e-05	0.6309286044725024	-0.07236694029950932
SWEDEN	44366	0.081	3.5e-06	0.19689629324423585	0.22651091893006917	0.019157471298491862	0.03300720364866132	0.0004481360373655365	0.0002829571360826005	4.621693701559578e-05	4.389695082527627e-05	0.98123874927119	-0.003678676613492154
SWEDEN	44373	0.1	4.4e-06	0.22217809210918008	0.25619058971455705	0.0182453950743135	0.03229262802098776	0.0006037240437627114	0.0003802443251152786	3.8244620834323216e-05	2.561827175004912e-05	0.854031777464432	-0.028621220105013334
SWEDEN	44380	0.125	8.9e-06	0.24346005742608845	0.28177137018282006	0.017244118591551356	0.031403676948698764	0.0007010115468743188	0.0004353153112530697	4.389695082527627e-05	2.395209984973136e-05	0.7793197709807858	-0.0432706331410224
SWEDEN	44387	0.142	1.78e-05	0.25583345088688886	0.2978656978986658	0.01623727239060597	0.03044557451612485	0.0008059341268238905	0.0004938049909537354	2.561827175004912e-05	2.9941882377460378e-05	1.0568112356336756	0.011139457967387375
JAPAN	44332	0.042	1.13e-05	0.012477027913542025	0.013941548669218751	0.0009035864849062289	0.0012778730334827816	1.0996681616661172e-05	7.113307970824016e-06	4.527143168536596e-05	3.409113168721512e-05	0.8966743993362237	-0.02025992169877967
JAPAN	44339	0.054	8.9e-06	0.019750045871180268	0.022026750485203125	0.0010427599569919099	0.001490174664054292	1.4766329022442828e-05	9.463762268884304e-06	4.406273528921509e-05	2.436376069034457e-05	0.7841542992893503	-0.042322686413852874
JAPAN	44346	0.065	7.4e-06	0.02387116169914225	0.02673229236204444	0.0011306989930339286	0.001639125421632056	1.8711539779919866e-05	1.1863147679449398e-05	3.409113168721512e-05	1.714444888211123e-05	0.749603536212512	-0.04909734584068395
JAPAN	44353	0.075	7.5e-06	0.0325893164105939	0.03650853819842437	0.0011731648676705346	0.0017307694315064181	2.3215584364067562e-05	1.4570166106098256e-05	2.436376069034457e-05	1.2891061564010765e-05	0.7681093234623281	-0.04546876010542587
JAPAN	44360	0.08	5.2e-06	0.04724889371408941	0.052865658015137644	0.0011862968930384423	0.001785033231485707	2.8846236682848638e-05	1.7961048125514204e-05	1.714444888211123e-05	1.1577532147096753e-05	0.8569784761025183	-0.028043436058329756
JAPAN	44367	0.081	4.1e-06	0.07066176592066868	0.07893885025438957	0.001179740068329603	0.0018136208699144148	3.58058500164096e-05	2.2154988560641988e-05	1.2891061564010765e-05	1.216799705323331e-05	0.9789716594535907	-0.0041232040287077125
JAPAN	44374	0.085	2.6e-06	0.09864106978051833	0.11023171957371226	0.0011691941767178094	0.0018365085328183551	4.7905080975274564e-05	2.972192717038106e-05	1.1577532147096753e-05	1.4160391112711206e-05	1.0733607215134897	0.014384455198723459
JAPAN	44381	0.088	1.9e-06	0.12812980051754577	0.14345989960363564	0.00115364917250111	0.0018519676368119757	6.806519670144683e-05	4.2550577659263255e-05	1.216799705323331e-05	1.972844117767975e-05	1.1760417986920373	0.03451799974353671
JAPAN	44388	0.086	1.1e-06	0.15538391900029982	0.17455033878440868	0.0011367629684302795	0.0018644155772694214	0.00010555441805876207	6.68005314416695e-05	1.4160391112711206e-05	2.8458481814857286e-05	1.254270531655155	0.049856966991206855
JAPAN	44395	0.088	9e-07	0.182651770046346	0.20595829450470074	0.0011220967409023748	0.0018782610792715143	0.0001840346324068016	0.00011823588360197732	1.972844117767975e-05	5.415163854147452e-05	1.3678290934161623	0.0721233516502279
JAPAN	44402	0.088	9e-07	0.2049404669737502	0.23223785387607432	0.001104634932062409	0.001886729026301153	0.0003167169034644956	0.00020492499353495515	2.8458481814857286e-05	9.215219190569128e-05	1.428033974237707	0.08392823024268768
JAPAN	44409	0.086	1e-06	0.23335050258222367	0.26549238087910587	0.0011040952204378488	0.0019155180031832596	0.0006612498483865242	0.0004333323614847676	5.415163854147452e-05	0.00012071210675144914	1.292018785417247	0.05725858537593078
JAPAN	44416	0.081	1.3e-06	0.2578271343449009	0.29478900211490955	0.0010967530665781451	0.0019336369339765377	0.001226756445691328	0.0008050231561637254	9.215219190569128e-05	0.0001559507350172884	1.1916502356469953	0.03757847757784223
JAPAN	44423	0.075	2.2e-06	0.2805966141368718	0.3225523481521998	0.0010714807699802671	0.0019259411757133135	0.0019566224551238218	0.0012774650048176645	0.00012071210675144914	0.00017742563765438542	1.1403021477852324	0.027510225055927918
JAPAN	44430	0.07	4.7e-06	0.3037421749902076	0.35101370095089685	0.001038985451620504	0.0019059604392900123	0.0029724139375211507	0.0019300012876956381	0.0001559507350172884	0.00015290661076031598	0.992818905526088	-0.0014080577399827512
TX	44315	0.041	5.83e-05	0.19809097721699775	0.22749298857757355	0.003775473808206578	0.005754010488199822	2.7145402461971144e-05	1.6656852483417273e-05	0.00011324461279951792	8.560741797307822e-05	0.8980807781075109	-0.019984161155390034
TX	44322	0.05	3.98e-05	0.2136601009235452	0.24671525557670554	0.0039647092339220305	0.00612085551241858	3.703105072251417e-05	2.2937509897133977e-05	0.00010185594166725995	7.30472846498976e-05	0.8788922991954007	-0.02374660800090183
TX	44329	0.067	2.86e-05	0.2281516201467174	0.2649619679784306	0.004064210786393289	0.006372731785416672	4.6037308712840915e-05	2.844325258619646e-05	8.560741797307822e-05	6.264136736399953e-05	0.8862167933081166	-0.02231043268468302
TX	44336	0.092	2.39e-05	0.23930131603627516	0.279742744364707	0.0041162657045593215	0.006562846738365997	5.8088587413426084e-05	3.585562040629086e-05	7.30472846498976e-05	4.7730957385808325e-05	0.8449866740177603	-0.030394769800439172
TX	44343	0.109	2.17e-05	0.24513437513081526	0.28886292033761946	0.004110721423991652	0.006675323375334784	7.966150716471438e-05	4.9542660845882886e-05	6.264136736399953e-05	5.955341263478932e-05	0.9815845268764035	-0.003610877083058138
TX	44350	0.111	1.77e-05	0.2468931987928181	0.2936282278813872	0.004001716240751763	0.0066477145109829225	0.00010108558234406256	6.268345255788389e-05	4.7730957385808325e-05	5.974212097935107e-05	1.0817665246460957	0.016032651891391306
TX	44357	0.111	1.22e-05	0.250696690634848	0.30066822106220376	0.003975856585627135	0.006722568607146763	0.0002090346264431502	0.00013446645509183653	5.955341263478932e-05	3.92023205146526e-05	0.8476784240895702	-0.029866975668711725
TX	44364	0.112	9.4e-06	0.25852800919914387	0.3121505617112086	0.003840843321694004	0.006647806240964747	0.0002928825539337344	0.00018744164122372245	5.974212097935107e-05	4.525569208699486e-05	0.8988346290433874	-0.019836347246394624
TX	44371	0.113	9e-06	0.258635138631782	0.31526445070188325	0.0036809580749097986	0.006530709097821893	0.0004053527259620009	0.00025820908524729167	3.92023205146526e-05	5.197812051733435e-05	1.1027602383881523	0.020149066350618087
TX	44378	0.122	1.13e-05	0.25989144422217786	0.3196133187312025	0.003512539212106038	0.006391627313762793	0.0006076296055716843	0.0003878314685010977	4.525569208699486e-05	6.935644352117373e-05	1.155524719044558	0.030495042949913335
FRANCE	44322	0.033	3.93e-05	0.08421332785866278	0.09622446310154988	0.016384320429475477	0.025318373237603036	7.98692685136407e-05	5.13695258688146e-05	0.00033854676515084157	0.00021754662530670325	0.838894992537441	-0.03158921714952136
FRANCE	44329	0.053	2.44e-05	0.09718662393673981	0.11131789551734947	0.01660496214205845	0.026099967589105395	0.00010067440654606888	6.399125281534872e-05	0.0002635913669552544	0.00016888404378392796	0.8378244794131231	-0.031799121683701366
FRANCE	44336	0.075	2.3e-05	0.10638185292772254	0.12242040086633503	0.016635816469570207	0.026628626608339673	0.00011801980068391839	7.389382192484243e-05	0.00021754662530670325	0.00013317823347190616	0.8212359422538464	-0.03505177602865756
FRANCE	44343	0.115	2.42e-05	0.11545016251409308	0.13349181005611782	0.016395731163632958	0.026790823105950677	0.00014113901463503004	8.740234347369807e-05	0.00016888404378392796	0.00010018878958542587	0.809786011827256	-0.03729686042602825
FRANCE	44350	0.133	2.01e-05	0.13099294254022623	0.15175272988302724	0.01601536218988376	0.026747414018010115	0.0001845279105295657	0.000114165069374926	0.00013317823347190616	5.916148607703282e-05	0.7044121690242506	-0.0579583982305391
FRANCE	44357	0.123	9.8e-06	0.14928482331270737	0.17318557747136948	0.015513481479204354	0.026515273002526023	0.00026117579065299457	0.00016275271961704968	0.00010018878958542587	3.66285697334904e-05	0.6334455972360928	-0.07187341230664847
FRANCE	44364	0.122	7.2e-06	0.17244724543522957	0.20013028126647872	0.014787551032942527	0.02595132503612734	0.0003449385438233255	0.00021476729851767736	5.916148607703282e-05	3.0113104243209565e-05	0.7539940965410515	-0.04823645165861735
FRANCE	44371	0.108	5.5e-06	0.2000280823489583	0.2321429332996002	0.01400631484979725	0.025270717129565138	0.00043212396204089565	0.00026758245859509456	3.66285697334904e-05	3.696334812291142e-05	1.003314380968606	0.0006498786212953033
FRANCE	44378	0.101	4.9e-06	0.23191513805639144	0.26914703942202134	0.013216381833961448	0.02453116407415468	0.0005362825608695925	0.00033036604712130904	3.0113104243209565e-05	5.878750895214395e-05	1.2436958374755323	0.04778349754422202
FRANCE	44385	0.091	5.8e-06	0.2610366357157673	0.30345664062405153	0.012443527978033601	0.023764572464040224	0.0007298458690544908	0.00045210134666456527	3.696334812291142e-05	0.00014267174343262197	1.4920114478180095	0.09647283290549206
FRANCE	44392	0.09	8.7e-06	0.28747939173197357	0.33514856860483533	0.011687473206243826	0.022969640018131936	0.0010408927100488653	0.0006496166727761466	5.878750895214395e-05	0.0002606376892663266	1.5424949704437125	0.10637156283210049
FRANCE	44399	0.084	1.65e-05	0.31335320089218505	0.3665044826978136	0.010974440863463086	0.02218064457684173	0.0021293108136530813	0.001370406324203407	0.00014267174343262197	0.00031854375638303803	1.2925991515389408	0.057372382654694264
SWITZERLAND	44340	0.088	4.35e-05	0.1343768247031197	0.1555771594521668	0.00854558886639849	0.013525241438621285	6.25410721758869e-05	3.8322674794801325e-05	0.00010700975264773895	9.028256377173074e-05	0.9380803073073064	-0.012141116214253653
SWITZERLAND	44347	0.098	3.21e-05	0.1597668508593875	0.18482717134766424	0.008519668663180076	0.01374166137412995	8.04040459867932e-05	4.930295109859527e-05	0.00010310045862821162	4.913253175485874e-05	0.7299978171254705	-0.05294160448520186
SWITZERLAND	44354	0.123	2.46e-05	0.1852779151677592	0.21446695848699385	0.008375432585545	0.013795229341832397	0.0001053293981876556	6.469288683189237e-05	9.028256377173074e-05	2.9708995431421137e-05	0.5950984419349733	-0.07939246236569152
SWITZERLAND	44361	0.146	1.98e-05	0.20927564108895472	0.24271894479904413	0.008111602228339248	0.013677945355269918	0.00013615022752502516	8.362502570269322e-05	4.913253175485874e-05	1.6481321327611082e-05	0.6020930174133341	-0.07802097697777763
SWITZERLAND	44368	0.156	1.84e-05	0.23384839581758146	0.27185626432376225	0.007759441095295248	0.013426675657911422	0.00016877057918384737	0.00010318287894746462	2.9708995431421137e-05	1.4661901469464691e-05	0.7427423451943882	-0.05044267741286505
SWITZERLAND	44375	0.156	2.08e-05	0.257532961965407	0.30028451120431376	0.0073567656067975535	0.01308735489601526	0.0002089192086367686	0.00012723877599759214	1.6481321327611082e-05	2.474247095378016e-05	1.148006932404553	0.029020967138147648
SWITZERLAND	44382	0.137	2.34e-05	0.282989709198914	0.33090792939022085	0.006943145274916188	0.012709733984953689	0.0002707554427300764	0.00016527226937570422	1.4661901469464691e-05	4.714920019778226e-05	1.4255092665791753	0.08343318952532851
IRELAND	44317	0.034	9.47e-05	0.07139671892800482	0.0826062001883903	0.009078753657861038	0.0162974454413374	2.3164863771136455e-05	1.531361593659641e-05	8.886097630733322e-05	8.448888439351886e-05	0.9816206548241564	-0.0036037931717340438
IRELAND	44324	0.028	5.6e-05	0.07942593230749677	0.09218104649013681	0.008919972799478811	0.016287947138845366	3.4984325361292056e-05	2.2879273816806403e-05	8.742750354870526e-05	8.686844917284015e-05	0.9976630986793709	-0.0004582159452213942
IRELAND	44331	0.045	4.32e-05	0.09550927076206829	0.11065012483103578	0.008756485132592662	0.016249330508185524	4.741143620217838e-05	3.0634266578266086e-05	8.448888439351886e-05	8.564999732800654e-05	1.004972213490037	0.0009749438215758679
IRELAND	44338	0.079	3.4e-05	0.11525991461480249	0.13326986065505725	0.00861373680883369	0.01621475294581691	6.311060488360105e-05	4.038644811203855e-05	8.686844917284015e-05	8.34567840073061e-05	0.9854045450525185	-0.0028618539112708783
IRELAND	44345	0.109	2.61e-05	0.1365785102231431	0.1578279689371788	0.008439128633520537	0.016115489183250318	8.376663776977055e-05	5.3215260022302475e-05	8.564999732800654e-05	7.429689307967518e-05	0.948198550077785	-0.010157147043571565
IRELAND	44352	0.123	2.16e-05	0.1536032413290898	0.1779029436445754	0.008254385527598126	0.015979600120453102	0.0001315457156296315	8.413689320090798e-05	8.34567840073061e-05	6.391855030721063e-05	0.9028379621172689	-0.019051379977006115
IRELAND	44359	0.129	1.37e-05	0.17361157476164976	0.20140484777751988	0.00796319948903805	0.015680088695872275	0.00022532810958849386	0.00014537559776578405	7.429689307967518e-05	6.351717793479492e-05	0.9428950278821367	-0.01119705335644378
IRELAND	44366	0.123	1.08e-05	0.2153346049357358	0.24886986585915333	0.00762030308104131	0.015286806980673584	0.000390916496664827	0.00025351320887167004	6.391855030721063e-05	8.216665852454202e-05	1.0914867085739293	0.017938570308613577
IRELAND	44373	0.115	1.11e-05	0.25610155657676603	0.29569625664171534	0.0072452679935507735	0.01482521024907322	0.0006247703816902257	0.0004047736901416708	6.351717793479492e-05	0.00010074446547635719	1.1680365770248744	0.03294834843624988
IRELAND	44380	0.109	1.69e-05	0.29168930835226103	0.33726720612401156	0.0068692367050207604	0.014336551091493387	0.001097362903921878	0.0007142199121439645	8.216665852454202e-05	0.00013742703336964038	1.1873679907898234	0.036738821723494776
IRELAND	44387	0.11	2.58e-05	0.33304901768421236	0.38555317810623096	0.006460060779591085	0.013779710656329639	0.0016303495716640172	0.0010552036525160375	0.00010074446547635719	0.00020862762529067877	1.2651867762828701	0.05199740711428826
NETHERLANDS	44339	0.101	2.78e-05	0.11293082814267119	0.12902075181387584	0.01732500598886498	0.027103090044447862	0.0001325244739445684	8.357045092047831e-05	0.0002626533942323636	0.00014814702913422902	0.7913990533542916	-0.040902146401119284
NETHERLANDS	44346	0.102	1.55e-05	0.14134599694789107	0.16128091052209836	0.017248900344573423	0.027514076577389246	0.00017866954597710509	0.00011248829976233877	0.00020213929667287179	0.00010083880550087822	0.7466634048987517	-0.04967384217671535
NETHERLANDS	44353	0.111	1.08e-05	0.17427710595198093	0.19877036111257368	0.016919152616209014	0.027577948208958057	0.00025404987806711224	0.0001603753659889034	0.00014814702913422902	6.324677761286689e-05	0.6899341921169582	-0.06079721723196901
NETHERLANDS	44360	0.122	7e-06	0.203865543350952	0.23294379837477885	0.01634509339116195	0.027295453709801132	0.0003418527695620407	0.00021524115248249058	0.00010083880550087822	4.2886855449577165e-05	0.6885510588913204	-0.06106841982523131
NETHERLANDS	44367	0.125	5.6e-06	0.23280024381142975	0.2667236488560754	0.01563840708950038	0.026803995631705317	0.00043347175872080753	0.00027105894952933083	6.324677761286689e-05	4.630582501407636e-05	0.8864243055782604	-0.022269744004262678
NETHERLANDS	44374	0.125	5.9e-06	0.26091371852344825	0.2999305267685095	0.014853643619865856	0.026168573766694528	0.000540459111534974	0.0003356671323723057	4.2886855449577165e-05	0.0002208105307057659	1.5969694357220257	0.11705283053373051
NETHERLANDS	44381	0.122	8.3e-06	0.28552287110345603	0.3296337277674633	0.014053821396288805	0.025467225429757694	0.0007651675029930844	0.00047863296958522216	4.630582501407636e-05	0.00048607182508039255	1.856468003767878	0.16793490269958394
NETHERLANDS	44388	0.114	2.18e-05	0.3047498193798843	0.353735606850217	0.013372016705870255	0.02487285091060755	0.0025769183176621016	0.0016994061106890173	0.0002208105307057659	0.00045986388441626724	1.2672493022443556	0.052401823969481495
NY	44320	0.061	6.58e-05	0.2726362177090445	0.31321280292270975	0.002429803964057416	0.0036307377342945663	1.9828608742519744e-05	1.2884322043334356e-05	0.00010063027008167366	6.051606017033899e-05	0.8147445688953046	-0.036324594334254
NY	44327	0.054	4.66e-05	0.2988970850848555	0.3449574416323615	0.002504240284628558	0.0038044794519059085	2.8854432559710993e-05	1.8629800979565684e-05	7.957075185938035e-05	4.5937753650777064e-05	0.7998762594558639	-0.03923994912630118
NY	44334	0.067	3.33e-05	0.3139703908605277	0.3647946711621245	0.0025354738974012214	0.003922932257577967	3.828686425240911e-05	2.447716232827827e-05	6.051606017033899e-05	3.119679806502498e-05	0.7586267177796353	-0.0473280945530127
NY	44341	0.085	2.76e-05	0.3250497172458896	0.380487008771867	0.0025203586582455955	0.003980212426232167	4.7304348320641386e-05	2.9865439099879713e-05	4.5937753650777064e-05	1.991036721117017e-05	0.6954401171822184	-0.05971762408191796
NY	44348	0.101	2.7e-05	0.3296758716399938	0.3892948604804644	0.0024610973925630083	0.003977361076084192	5.6634177522208244e-05	3.530351795521751e-05	3.119679806502498e-05	1.3535230986389773e-05	0.6958143342349166	-0.05964424818923204
NY	44355	0.117	3.3e-05	0.3340085839186053	0.39786506617560036	0.00237227285078287	0.003931785953471746	6.997228992126301e-05	4.33138334256717e-05	1.991036721117017e-05	9.25685337574918e-06	0.7210021762998335	-0.054705455627483635
NY	44362	0.128	3.03e-05	0.33986383159133504	0.40817661711305747	0.0022674924864045324	0.003860222285621014	8.64048730081289e-05	5.317096971706272e-05	1.3535230986389773e-05	7.358102320448213e-06	0.7779700697489844	-0.04353528044137561
NY	44369	0.133	3.78e-05	0.343497769391765	0.41614419747757947	0.002154000615510059	0.0037712168294784048	0.00010400805714215288	6.351092904881998e-05	9.25685337574918e-06	7.496000441783208e-06	0.9231376891500523	-0.015071041343126996
NY	44376	0.148	5.92e-05	0.3452659990855459	0.4220800626727396	0.0020370144068979205	0.003670904760104133	0.00012815002923121779	7.801261835104745e-05	7.358102320448213e-06	1.0108993048611836e-05	1.1157056547311575	0.0226873832806191
USA	44318	0.059	2.8e-06	0.25825313758537227	0.29837552454285987	0.003964787185551184	0.005872757433108459	4.074181023671786e-05	2.4348318338748457e-05	0.00016106939204389614	0.00011159409724672612	0.8663191197999718	-0.026211937294123182
USA	44325	0.068	2e-06	0.2770077459327958	0.3217944300412173	0.004188971757718445	0.00629170045783938	5.358062666975008e-05	3.243409991456064e-05	0.00013576714333887047	8.82335706862156e-05	0.843009713981226	-0.030782409023289027
USA	44332	0.084	1.6e-06	0.29077278732500356	0.33999363669849314	0.004319395618191426	0.006592834761460298	6.890965305036122e-05	4.1984284661421296e-05	0.00011159409724672612	6.83677148759647e-05	0.8215118582168759	-0.03499767485943609
USA	44339	0.099	1.3e-06	0.29993722262087746	0.3533503385974828	0.004354244264797556	0.00677066820964723	8.86818848425705e-05	5.4273425821446904e-05	8.82335706862156e-05	5.2039655357527924e-05	0.8076638895584141	-0.03771296283168353
USA	44346	0.107	1.1e-06	0.30288367322502213	0.3600451354684666	0.004323651026884515	0.006861540467474167	0.0001200120204676314	7.404912832671074e-05	6.83677148759647e-05	4.3288174191493033e-05	0.8335136969291403	-0.03264437315114896
USA	44353	0.108	9e-07	0.3050978125974609	0.3659918481303092	0.00421818707753561	0.006849889398669869	0.00016526914620179777	0.00010275869315479403	5.2039655357527924e-05	3.891661742967083e-05	0.8941441492667895	-0.020756049163374594
USA	44360	0.109	8e-07	0.30798792493332094	0.37272006755329257	0.0040881480648657185	0.006799533381163404	0.00024282632685646883	0.00015256704835140496	4.3288174191493033e-05	3.6134483612221866e-05	0.9341983974167821	-0.012902275016317235
USA	44367	0.11	7e-07	0.30694962080473515	0.37517403831874924	0.0039232274875210145	0.0066951016863055	0.000337157163050543	0.00021232463556694397	3.891661742967083e-05	3.8211589919518295e-05	0.9933399566069431	-0.0013058908613837177
USA	44374	0.113	9e-07	0.30273902269280667	0.3741175743570279	0.0037441025786136284	0.006562064271402767	0.00047503789863098336	0.00029996664490366105	3.6134483612221866e-05	4.992950759053225e-05	1.1177970781847957	0.02309746631074425
USA	44381	0.115	1.1e-06	0.2965945147957831	0.3708545796474201	0.003552010771141842	0.006400853728689349	0.0006538861123108531	0.00041283956768032643	3.8211589919518295e-05	8.008606165684535e-05	1.2695579341636039	0.052854496894824285
CANADA	44310	0.074	1.86e-05	0.019698716396106493	0.022978044311653508	0.0026968184967700545	0.003827274140199138	3.892892398746055e-05	2.5765039100247374e-05	0.0002220186253521626	0.00019981394829813776	0.9616135381138834	-0.007526757232571894
CANADA	44317	0.065	9.3e-06	0.021674117391649705	0.025363974105752963	0.0031601521229847676	0.004524733591523374	7.268878711300583e-05	4.795675659487251e-05	0.0002110251148857496	0.00017582298997358484	0.9335180742096878	-0.01303567172359064
CANADA	44324	0.055	5.7e-06	0.023922564746190964	0.02806901463260692	0.003586577927679124	0.005188143146721542	0.00012516669040395196	8.220101923294073e-05	0.00019981394829813776	0.00013760370089859416	0.8641182032305822	-0.026643489562630945
CANADA	44331	0.05	4.5e-06	0.026773188131594156	0.031454569109697704	0.003893738340446807	0.005707211282565461	0.00018924746995160028	0.0001232940984380854	0.00017582298997358484	9.547410702551459e-05	0.7775588844796585	-0.04361590500398853
CANADA	44338	0.05	3.4e-06	0.031390783520247253	0.03679687198487958	0.004052502299952559	0.00603947671414115	0.000251073737326446	0.00016161004718001293	0.00013760370089859416	6.298142555310084e-05	0.715296882075372	-0.055824140769534916
CANADA	44345	0.051	3.4e-06	0.037657401716177145	0.04398295573106175	0.004074042937607185	0.0061949038347564826	0.000299307422477338	0.00018953020261147467	9.547410702551459e-05	4.3611907112278094e-05	0.7145730837542761	-0.05596606200896548
CANADA	44352	0.055	3.4e-06	0.05368271725701713	0.06188771308587946	0.004017714395454977	0.006247455560904258	0.0003440582222513833	0.00021421063745231277	6.298142555310084e-05	3.065761520920392e-05	0.7377293081878489	-0.051425625845519816
CANADA	44359	0.057	4.2e-06	0.08836513454206615	0.10031784872851437	0.003907787421433742	0.00622605957396714	0.0003865524126656929	0.00023659386923613622	4.3611907112278094e-05	2.1243987967353916e-05	0.737985213809218	-0.051375448272702365
CANADA	44366	0.068	4.7e-06	0.140823187394598	0.15850382853409528	0.0037675813661598063	0.006159140194042873	0.0004274260298688087	0.0002571801653418036	3.065761520920392e-05	1.52734554013656e-05	0.7461785706446599	-0.04976890771673337
CANADA	44373	0.093	7.8e-06	0.20116885603894366	0.22580057895234124	0.00360374706994212	0.00605361714846349	0.00045989545342758095	0.0002714483161898663	2.1243987967353916e-05	1.2843587496603431e-05	0.8166807634244673	-0.03594494834814367
CANADA	44380	0.115	1.07e-05	0.26930191614330773	0.302226031387918	0.0034292171008823815	0.0059249871292348264	0.0004907512945712256	0.0002842320739592364	1.52734554013656e-05	1.0895940481048052e-05	0.8769712087510664	-0.02412329240175168
CANADA	44387	0.131	1.24e-05	0.33240433783606876	0.37383282276571644	0.0032467236230434605	0.005775659537014125	0.0005282908887574212	0.00030128540604798943	1.2843587496603431e-05	1.0665149938742454e-05	0.9322926737586806	-0.01327594632182733
SPAIN	44326	0.071	3.99e-05	0.10121948972185578	0.11627694908314248	0.007466803540141893	0.012440319558801026	4.360096088068577e-05	2.6507688372966524e-05	0.00014199009911105526	0.00010104625629839468	0.8760776735150257	-0.024298495389210646
SPAIN	44333	0.064	2.2e-05	0.11653486267639282	0.13412279511388223	0.007517549324310158	0.012702630868681201	6.452865583707061e-05	3.9915235363629905e-05	0.00011526008820148774	9.554836689963058e-05	0.931675069667127	-0.013397045163308443
SPAIN	44340	0.063	1.42e-05	0.1301869015966951	0.1503120768162413	0.007477996562687897	0.012837604283391476	9.38091543312047e-05	5.8568720323270004e-05	0.00010104625629839468	9.16870087810404e-05	0.964592267595297	-0.006942692628373127
SPAIN	44347	0.071	8.8e-06	0.14755446431315145	0.17070931491859037	0.007423405461702579	0.012942066667857143	0.00013570632415065614	8.518272647597715e-05	9.554836689963058e-05	9.684261712774153e-05	1.0049013105642688	0.0009610412871115346
SPAIN	44354	0.09	6.9e-06	0.17701234072654842	0.20450938500193008	0.007317899365617284	0.012967056447660554	0.0001885824425062502	0.00011842503118312204	9.16870087810404e-05	8.729389259942512e-05	0.9821134997643449	-0.003507156908951979
SPAIN	44361	0.101	5.8e-06	0.20379902325254468	0.23569975550557806	0.007248168753602542	0.013025558274932061	0.0002828684130533863	0.00017871220999414822	9.684261712774153e-05	7.773905590946187e-05	0.9199557273740212	-0.015694955416858586
SPAIN	44368	0.106	4.9e-06	0.22963153900144856	0.266122423194571	0.007023112437923524	0.012864739647193145	0.00039534383455035454	0.0002494536943668865	8.729389259942512e-05	0.00015559118680933542	1.2105394635135234	0.041282247747749704
SPAIN	44375	0.098	4.9e-06	0.265720700821683	0.30803089809303397	0.0067436340829732854	0.012613523789055257	0.000606272996238272	0.00038459314727535876	7.773905590946187e-05	0.0002727277086355286	1.4572208693845674	0.08965115085971913
SPAIN	44382	0.081	5e-06	0.3025145006176773	0.3510966690215667	0.006515506435860207	0.012410640048098736	0.0011889170085420705	0.00076733012268535	0.00015559118680933542	0.0004513449363981766	1.3879642503027128	0.0760714216279829
SPAIN	44389	0.071	6.3e-06	0.3413055123867777	0.3967393785165234	0.006360988635777298	0.012287686339314602	0.0025535529814381536	0.0016662713135295886	0.0002727277086355286	0.000566796029651037	1.2664843292701335	0.05225182926865363
SPAIN	44396	0.071	1.23e-05	0.3717938420459157	0.4337161366094358	0.006240367901864218	0.012193803732617588	0.004937562909232295	0.0032273383463642053	0.0004513449363981766	0.0005212650095245656	1.0524668674862478	0.010287621075734879
SPAIN	44403	0.082	2.73e-05	0.3940504476143649	0.46204473266900664	0.006053264273899608	0.011997088813533861	0.007784774109806884	0.005053449481951808	0.000566796029651037	0.00043658559406835725	0.9049159442167719	-0.01864393250651532
FINLAND	44323	0.075	6.15e-05	0.02680538501686	0.031220085766503765	0.0026833924899508877	0.004323170705845686	3.191267000130763e-05	2.127128097780404e-05	3.8132239155208034e-05	3.680623624062784e-05	0.987106907658735	-0.00252805732181666
FINLAND	44330	0.059	3.74e-05	0.035556417103069525	0.04107348597267362	0.00268109421038715	0.004398950118198269	5.993873696852036e-05	3.9694546261575426e-05	3.6432895614192366e-05	3.1875565208742814e-05	0.9513196414394888	-0.009545168345198281
FINLAND	44337	0.054	2.46e-05	0.04807281109917158	0.05512519121722197	0.00266850760829057	0.004458538404863412	9.95009117686211e-05	6.541393800730394e-05	3.680623624062784e-05	2.2657913880204236e-05	0.8232638334371665	-0.034654150306437946
FINLAND	44344	0.079	1.71e-05	0.06294901893916417	0.07187551220288901	0.0026155625770953447	0.004461470137776554	0.0001372477562464902	8.909061231975442e-05	3.1875565208742814e-05	1.8023340586526192e-05	0.7922944426552914	-0.0407265798715115
FINLAND	44351	0.097	1.86e-05	0.07940949641544548	0.09050240820018196	0.0025353809881261675	0.004423282484881501	0.0001704234154223035	0.00010896360695556549	2.2657913880204236e-05	1.4289934322174607e-05	0.8320811179998895	-0.03292527098041382
FINLAND	44358	0.119	2.46e-05	0.09630195756925398	0.10976764696669425	0.002434735516497369	0.00435183694675887	0.0002110333364933927	0.0001332840107414191	1.8023340586526192e-05	1.5912034974961786e-05	0.954612958879492	-0.008899419827550586
FINLAND	44365	0.144	4.33e-05	0.11231248525008133	0.1282458769895821	0.002309714038106059	0.004240897018299405	0.0002586352660597998	0.00016160473135272822	1.4289934322174607e-05	2.6777534585696546e-05	1.2287742985559866	0.04485770559921309
FINLAND	44372	0.135	7.15e-05	0.12851401780534957	0.14710573895451193	0.0021824018145588956	0.004118705037062512	0.00034422101669621784	0.00021492191581343954	1.5912034974961786e-05	3.6304157467145866e-05	1.3004834487260053	0.05891832327960889
CA	44301	0.065	5.47e-05	0.1741326050135938	0.1980538430391073	0.0008422789687023375	0.0012881841018052968	1.2227060911501629e-05	7.70746027266452e-06	6.907962743509561e-05	4.938620678887915e-05	0.877749834495773	-0.023970620687103317
CA	44308	0.037	2.16e-05	0.20259642192584484	0.23108841676117536	0.0009261422027938273	0.001424142781331734	2.021499849526458e-05	1.2913963406167203e-05	6.627583064187132e-05	4.234238997394577e-05	0.8367866765939761	-0.032002612432553715
CA	44315	0.03	1.38e-05	0.22538904475961935	0.25822726596037904	0.0009887784070234348	0.0015341618206342607	2.891313133040674e-05	1.844726241295543e-05	4.938620678887915e-05	4.228457973078775e-05	0.9434451178171621	-0.011089192584870174
CA	44322	0.038	1e-05	0.24571790284807407	0.2829495953763051	0.0010492323284383976	0.0016427788631654852	3.867330057244112e-05	2.4534108854604153e-05	4.234238997394577e-05	3.7153920650403225e-05	0.9523807863464211	-0.009337100716388025
CA	44329	0.058	7.7e-06	0.2702025819848088	0.3124768387970103	0.001101280899607047	0.0017416923857272305	4.9199963075610994e-05	3.095212554224009e-05	4.228457973078775e-05	3.178479431698915e-05	0.8960203020640797	-0.020388176065866733
CA	44336	0.078	6.7e-06	0.28962375104072197	0.33675465332076043	0.0011279497772940324	0.00180797621291683	6.05023638718818e-05	3.769911917875883e-05	3.7153920650403225e-05	3.224185655196955e-05	0.9483429014529673	-0.010128842852359363
CA	44343	0.091	6.3e-06	0.30191114928529506	0.3534863783399422	0.0011388354026508685	0.0018533847957613488	7.769144155330687e-05	4.824937038994908e-05	3.178479431698915e-05	2.9134555982158234e-05	0.9682841750683105	-0.006218789202292046
CA	44350	0.097	5.6e-06	0.3048331021720018	0.3601507031252689	0.0011549842491924882	0.0019055844952275813	0.00011479732041136592	7.189020217108748e-05	3.224185655196955e-05	2.3062673880338718e-05	0.877946056842533	-0.023932145717150393
CA	44357	0.098	4.6e-06	0.31067539789736354	0.3700901157575627	0.001135917793425388	0.001910287460781087	0.00015867781053763942	9.955687451545336e-05	2.9134555982158234e-05	2.4359791211225096e-05	0.9347961034288995	-0.012785077759039308
CA	44364	0.104	4.2e-06	0.31916473743670326	0.3829974594730739	0.0011045951862373553	0.0018971197631903062	0.00021742315497733653	0.0001364587377335361	2.3062673880338718e-05	2.293802054352732e-05	0.99802570193532	-0.0003871172675843035
CA	44371	0.111	4.6e-06	0.3188331178852562	0.38635100089194324	0.0010665736781757112	0.0018728869185157839	0.00030364567295190347	0.00019090624974009565	2.4359791211225096e-05	2.8139135857761987e-05	1.0525400071828932	0.01030196219272417
CA	44378	0.114	4.8e-06	0.3195640254827757	0.3908522086960876	0.0010195352980143398	0.0018342918791302333	0.00037336269026105873	0.00023161802783397523	2.293802054352732e-05	5.701896545600081e-05	1.3317142438011067	0.0650420085884523
NORWAY	44335	0.072	5.54e-05	0.09512412662499467	0.10996367030589654	0.004795044095960658	0.007562500073231626	2.015403339663588e-05	1.2799014291124357e-05	7.040099397264549e-05	7.366816466007075e-05	1.0165252259675208	0.003240240385788395
NORWAY	44342	0.078	3.98e-05	0.1263191326849469	0.14507211964854672	0.004957914329666978	0.007922242181133781	3.0308129745610382e-05	1.931998613823464e-05	7.406022514256164e-05	4.971326917986673e-05	0.8547932617305629	-0.028471909464595522
NORWAY	44349	0.089	3.51e-05	0.15565123425681263	0.17845353314093193	0.004991734768678291	0.008112492042881265	4.4707155687590076e-05	2.854733047170041e-05	7.366816466007075e-05	3.5938877561680307e-05	0.7385335287966462	-0.05126793553006937
NORWAY	44356	0.091	2.94e-05	0.1769344636394874	0.20332491877463438	0.004922554121757796	0.008163371114916272	6.649361765550977e-05	4.249017879472249e-05	4.971326917986673e-05	3.238419585376166e-05	0.8438666468908143	-0.03061438296258545
NORWAY	44363	0.076	1.56e-05	0.1929946727007728	0.22273292852142054	0.004793545683966149	0.0081277999436439	9.288272790146668e-05	5.916468857889933e-05	3.5938877561680307e-05	3.4462116410964435e-05	0.9847149341451915	-0.00299707173623695
NORWAY	44370	0.081	1.28e-05	0.2026769864689888	0.23534912030521968	0.004654248782682723	0.008069050904696224	0.00013477051634144333	8.587208101774726e-05	3.238419585376166e-05	3.4370635631716496e-05	1.0216866800865645	0.004252290213051858
NORWAY	44377	0.093	1.47e-05	0.2043441369887241	0.2393515258679624	0.004502521925771667	0.00798314946463091	0.00019368484054526066	0.00012334771564713077	3.4462116410964435e-05	3.141711333028375e-05	0.9663006969599446	-0.00660770647844225
NORWAY	44384	0.109	1.83e-05	0.20260394728523828	0.23967916695287125	0.004337547030547315	0.007868052314810005	0.0002805487758265603	0.00017864606803438506	3.4370635631716496e-05	3.1299495185536435e-05	0.9659026329880954	-0.0066857582376283475
NORWAY	44391	0.131	3.41e-05	0.2048984777225943	0.24442321962542782	0.004137490447037788	0.007693627869060941	0.00039437265576950726	0.0002506094842801576	3.141711333028375e-05	3.6866754036909533e-05	1.0582702013049416	0.011425529667635622
NORWAY	44398	0.131	5.21e-05	0.2097619419350613	0.25203665477557563	0.003917568800877217	0.007478583762088588	0.0005467458293244645	0.0003466863969405075	3.1299495185536435e-05	5.552883300348427e-05	1.2088451567411413	0.04095003073355713
