country	FLAI_time	t1	t2	s_hat	s_var	vaccinated	vac_cor	recovered	boosted	delta_recov	omi_recov	omi_count_t1	omi_count_t2	delta_count_t1	delta_count_t2	av_cases	x_delta	x_omi
ITALY	44547	12/03/2021	01/02/2022	0.164	2.37e-05	0.736	0.492	0.018	0.235	0.018	0.001	52	2298	4150	1324	666.2	0.781356247926311	0.2180969967076705
ITALY	44554	12/10/2021	01/09/2022	0.133	6.4e-06	0.739	0.455	0.021	0.283	0.021	0.004	295	2527	4302	678	1168.69	0.5783737729683269	0.4212017281024697
ITALY	44561	12/17/2021	01/16/2022	0.112	5.6e-06	0.742	0.415	0.025	0.332	0.025	0.01	874	2289	3715	335	1789.74	0.39565083346657026	0.6041055940906139
ITALY	44568	12/24/2021	01/23/2022	0.102	8.1e-06	0.746	0.365	0.029	0.382	0.029	0.02	1697	2401	2590	173	2354.54	0.22489491820795646	0.7750723706776129
ITALY	44575	12/31/2021	01/30/2022	0.094	1.33e-05	0.751	0.307	0.032	0.435	0.032	0.035	2196	2157	1623	95	2672.49	0.14059023743231946	0.8594097363221336
ITALY	44582	01/07/2022	02/06/2022	0.083	2.47e-05	0.756	0.258	0.035	0.487	0.035	0.05	2514	1808	796	48	2521.96	0.07247324759195034	0.9275267524080513
ITALY	44589	01/14/2022	02/13/2022	0.071	4.61e-05	0.762	0.216	0.036	0.532	0.036	0.066	2354	1290	425	28	2152.2	0.04558019574168712	0.9544197990866085
ITALY	44596	01/21/2022	02/20/2022	0.059	0.0001025	0.769	0.189	0.037	0.567	0.037	0.078	2362	934	200	14	1661.78	0.027735544426329094	0.9722342330891756
BELGIUM	44540	11/26/2021	12/26/2021	0.146	2.85e-05	0.754	0.517	0.069	0.236	0.069	0.001	40	1001	3855	1209	1026.59	0.8807111289581405	0.1192592056793335
BELGIUM	44547	12/03/2021	01/02/2022	0.123	9.9e-06	0.756	0.46	0.074	0.287	0.074	0.002	170	1147	3651	617	847.6	0.7665290478435632	0.23321116039782694
BELGIUM	44554	12/10/2021	01/09/2022	0.121	7.5e-06	0.757	0.407	0.078	0.337	0.078	0.004	396	1369	3244	301	908.84	0.5755499004997383	0.4240169482574878
BELGIUM	44561	12/17/2021	01/16/2022	0.131	1.35e-05	0.758	0.382	0.081	0.391	0.081	0.009	671	1569	2501	116	1233.95	0.37730812547490084	0.6221483522370614
BELGIUM	44568	12/24/2021	01/23/2022	0.137	2.64e-05	0.76	0.313	0.084	0.441	0.084	0.017	951	1933	1456	49	1909.51	0.20100124234914085	0.7987056378564978
BELGIUM	44575	12/31/2021	01/30/2022	0.14	5.29e-05	0.761	0.253	0.086	0.486	0.086	0.032	1096	2233	748	23	2768.91	0.08066478524197682	0.9193282153386082
GERMANY	44544	11/30/2021	12/30/2021	0.144	5.7e-06	0.694	0.412	0.034	0.269	0.034	0.001	216	8432	17681	9283	521.92	0.8979646162675077	0.10203538373243333
GERMANY	44551	12/07/2021	01/06/2022	0.136	2.1e-06	0.699	0.344	0.036	0.325	0.036	0.001	675	12543	18304	5715	479.93	0.7501642222139118	0.24983577778599902
GERMANY	44558	12/14/2021	01/13/2022	0.131	1.2e-06	0.705	0.321	0.039	0.374	0.039	0.002	1691	15831	17576	3246	490.52	0.5552098067384829	0.444790193261571
GERMANY	44565	12/21/2021	01/20/2022	0.125	1.1e-06	0.711	0.3	0.04	0.413	0.04	0.004	4279	19376	14725	1581	606.58	0.33997441521100213	0.6600255847889883
GERMANY	44572	12/28/2021	01/27/2022	0.129	1.8e-06	0.717	0.266	0.041	0.447	0.041	0.008	7428	24085	10507	720	909.36	0.18738913969920892	0.8126108603006702
GERMANY	44579	01/04/2022	02/03/2022	0.133	4.1e-06	0.724	0.235	0.042	0.479	0.042	0.014	11310	27812	6605	303	1277.78	0.0858970177824554	0.9141029822174345
FRANCE	44544	11/30/2021	12/30/2021	0.161	9.5e-06	0.717	0.484	0.037	0.226	0.037	0.001	119	4527	10183	3129	942.42	0.8285435757700189	0.17103426167360866
FRANCE	44551	12/07/2021	01/06/2022	0.141	3.5e-06	0.725	0.432	0.042	0.273	0.042	0.004	437	5309	9699	1693	1480.07	0.6357501622829697	0.36391523579485296
FRANCE	44558	12/14/2021	01/13/2022	0.13	2.9e-06	0.733	0.408	0.048	0.32	0.048	0.012	1382	5645	8016	673	2306.99	0.43542560861309454	0.5644174239734734
FRANCE	44565	12/21/2021	01/20/2022	0.125	4.4e-06	0.74	0.381	0.053	0.362	0.053	0.025	2865	6445	5704	302	3233.1	0.26291705094231993	0.7369429597798679
FRANCE	44572	12/28/2021	01/27/2022	0.124	8.2e-06	0.747	0.338	0.058	0.4	0.058	0.046	4192	7155	3616	150	4247.22	0.1218960842171043	0.8779491058806986
FRANCE	44579	01/04/2022	02/03/2022	0.118	1.49e-05	0.754	0.308	0.061	0.435	0.061	0.074	5194	7535	2070	88	4727.39	0.05066688161736075	0.9492592292685346
SWITZERLAND	44541	11/27/2021	12/27/2021	0.149	1.82e-05	0.662	0.529	0.046	0.136	0.046	0.001	69	1992	6361	2149	920.05	0.9053850246650936	0.09461424138345947
SWITZERLAND	44548	12/04/2021	01/03/2022	0.141	7e-06	0.665	0.483	0.052	0.177	0.052	0.003	216	2754	6062	1110	1101.42	0.7855341497402307	0.21446585025693504
SWITZERLAND	44555	12/11/2021	01/10/2022	0.137	4.5e-06	0.668	0.449	0.057	0.219	0.057	0.007	501	3277	5414	578	1420.03	0.5540760182341866	0.4459239817657996
SWITZERLAND	44562	12/18/2021	01/17/2022	0.129	5.7e-06	0.67	0.419	0.062	0.26	0.062	0.014	902	3089	3859	279	1876.81	0.31695752695110957	0.6830424730489031
SWITZERLAND	44569	12/25/2021	01/24/2022	0.113	9.5e-06	0.673	0.373	0.066	0.298	0.066	0.027	1741	2746	2499	133	2493.35	0.16361368859696757	0.8363863114030256
SWITZERLAND	44576	01/01/2022	01/31/2022	0.104	1.85e-05	0.675	0.333	0.069	0.334	0.069	0.044	2548	2673	1362	63	3053.8	0.08998015439828404	0.9100198456017162
SWITZERLAND	44583	01/08/2022	02/07/2022	0.096	3.35e-05	0.678	0.305	0.071	0.364	0.071	0.066	3183	2877	692	36	3371.01	0.05071535725019559	0.9492846427498052
NETHERLANDS	44535	11/21/2021	12/21/2021	0.137	3.28e-05	0.705	0.659	0.061	0.054	0.061	0.001	35	1419	3420	2291	1085.63	0.8920354664354115	0.10796453356458906
NETHERLANDS	44542	11/28/2021	12/28/2021	0.128	1.12e-05	0.708	0.625	0.067	0.094	0.067	0.002	114	2301	3505	1519	943.8	0.8006574242566976	0.19934257574330383
NETHERLANDS	44549	12/05/2021	01/04/2022	0.12	5.2e-06	0.71	0.57	0.072	0.151	0.072	0.004	364	3145	3458	828	868.77	0.6476777180756162	0.3523222819244053
NETHERLANDS	44556	12/12/2021	01/11/2022	0.126	5e-06	0.712	0.493	0.075	0.226	0.075	0.007	723	3797	3187	378	1012.66	0.42838304341975003	0.571616956580255
NETHERLANDS	44563	12/19/2021	01/18/2022	0.132	9.3e-06	0.714	0.397	0.077	0.308	0.077	0.012	1203	3857	2511	154	1232.92	0.2320510624851061	0.7679489375149046
NETHERLANDS	44570	12/26/2021	01/25/2022	0.134	2.27e-05	0.715	0.302	0.079	0.382	0.079	0.021	2053	3804	1745	59	1839.6	0.1024164262568516	0.8975835737431395
NY	44536	11/22/2021	12/22/2021	0.161	1.35e-05	0.695	0.568	0.022	0.139	0.022	0.001	88	3986	7568	2734	344.33	0.8099101149295631	0.18755414331170386
NY	44543	11/29/2021	12/29/2021	0.132	3.5e-06	0.702	0.524	0.024	0.168	0.024	0.002	586	4224	8155	1124	450.67	0.6538321925418609	0.3440196679862356
NY	44550	12/06/2021	01/05/2022	0.122	3.6e-06	0.71	0.505	0.026	0.198	0.026	0.004	1589	3774	7740	468	695.84	0.4400863424850583	0.5590384413716899
NY	44557	12/13/2021	01/12/2022	0.115	6.1e-06	0.716	0.49	0.027	0.223	0.027	0.008	2810	3276	6027	221	1000.56	0.23199429953100112	0.7679697493173738
NY	44564	12/20/2021	01/19/2022	0.107	1.16e-05	0.721	0.477	0.029	0.243	0.029	0.014	3793	2952	3414	107	1160.08	0.1204810569011554	0.8795189371307207
NY	44571	12/27/2021	01/26/2022	0.109	3.06e-05	0.726	0.464	0.03	0.261	0.03	0.022	4236	2965	1457	40	1147.38	0.06822452184734511	0.9317754781526418
SLOVENIA	44549	12/05/2021	01/04/2022	0.186	4.14e-05	0.566	0.375	0.091	0.193	0.091	0.002	28	2692	2607	966	619.29	0.6289924075757036	0.37000076859038555
SLOVENIA	44556	12/12/2021	01/11/2022	0.132	8.2e-06	0.57	0.353	0.093	0.211	0.093	0.004	231	2914	2243	548	867.84	0.4399390407150185	0.5596109976984743
SLOVENIA	44563	12/19/2021	01/18/2022	0.105	6.6e-06	0.573	0.346	0.096	0.231	0.096	0.01	964	3030	1881	251	1451.71	0.2825910543559722	0.7173969516270569
SLOVENIA	44570	12/26/2021	01/25/2022	0.119	1.67e-05	0.576	0.329	0.098	0.248	0.098	0.021	1722	3028	1500	75	2511.65	0.17194825263572563	0.8280517468548859
USA	44541	11/27/2021	12/27/2021	0.182	8e-07	0.616	0.437	0.048	0.177	0.048	0.001	1448	103692	112488	33900	416.1	0.7133388541326741	0.286360322671039
USA	44548	12/04/2021	01/03/2022	0.15	2e-07	0.621	0.423	0.05	0.195	0.05	0.003	9710	110916	109983	14103	629.93	0.4812973799512777	0.518546503346
USA	44555	12/11/2021	01/10/2022	0.133	3e-07	0.625	0.412	0.051	0.212	0.051	0.007	33743	107259	98454	5740	1056.53	0.27195297048486183	0.7280006087704204
USA	44562	12/18/2021	01/17/2022	0.128	5e-07	0.628	0.403	0.053	0.227	0.053	0.015	67195	103246	71074	2338	1533.18	0.12656258938000833	0.873416472737851
USA	44569	12/25/2021	01/24/2022	0.125	1.1e-06	0.632	0.391	0.054	0.24	0.054	0.026	97522	100418	41554	1016	1893.91	0.05701752896205605	0.9429716991435713
CANADA	44541	11/27/2021	12/27/2021	0.188	9.8e-06	0.767	0.69	0.012	0.086	0.012	0.0	122	7552	11615	2543	214.04	0.8224236610426293	0.17732835258050914
CANADA	44548	12/04/2021	01/03/2022	0.18	3.5e-06	0.769	0.655	0.012	0.121	0.012	0.002	530	9272	12174	976	418.64	0.5747183243775095	0.42527850019978997
CANADA	44555	12/11/2021	01/10/2022	0.158	3.3e-06	0.771	0.608	0.014	0.161	0.014	0.004	1852	9520	10471	475	632.09	0.28740623692089007	0.712593763068759
CANADA	44562	12/18/2021	01/17/2022	0.133	4.5e-06	0.774	0.571	0.014	0.21	0.014	0.008	4190	9385	6679	277	794.93	0.10869080769655072	0.8913091923034845
CANADA	44569	12/25/2021	01/24/2022	0.117	8.6e-06	0.776	0.516	0.015	0.261	0.015	0.013	6793	9233	3279	134	823.5	0.05118537944512852	0.948814620554887
DENMARK	44541	11/27/2021	12/27/2021	0.184	3.1e-06	0.766	0.555	0.044	0.249	0.044	0.002	411	10974	35981	3835	1227.89	0.8761804697904513	0.1238195302094579
DENMARK	44548	12/04/2021	01/03/2022	0.182	1.6e-06	0.771	0.427	0.05	0.326	0.05	0.007	1455	16640	33140	1601	1889.21	0.6606123076498434	0.3393876923502108
DENMARK	44555	12/11/2021	01/10/2022	0.185	2e-06	0.777	0.353	0.056	0.405	0.056	0.016	3135	23825	25531	758	2446.64	0.29712058164712823	0.7028794183531922
DENMARK	44562	12/18/2021	01/17/2022	0.182	4.4e-06	0.785	0.303	0.061	0.475	0.061	0.03	5579	27666	13571	287	3043.24	0.10340624151770146	0.8965937584822726
SPAIN	44542	11/28/2021	12/28/2021	0.126	2.12e-05	0.807	0.61	0.031	0.186	0.031	0.001	54	805	4188	1438	577.77	0.8817068301800802	0.11806167739634986
SPAIN	44549	12/05/2021	01/04/2022	0.103	8.4e-06	0.809	0.565	0.035	0.23	0.035	0.002	225	950	4089	794	1050.51	0.7971614077258515	0.20252705371190013
SPAIN	44556	12/12/2021	01/11/2022	0.104	6.3e-06	0.811	0.532	0.04	0.275	0.04	0.005	443	1294	3617	466	1545.33	0.6623745792729745	0.33722875921852813
SPAIN	44563	12/19/2021	01/18/2022	0.108	6.7e-06	0.813	0.5	0.046	0.312	0.046	0.012	623	1689	2706	288	2117.13	0.48497876981347354	0.5142346854229618
SPAIN	44570	12/26/2021	01/25/2022	0.106	8.6e-06	0.815	0.471	0.052	0.348	0.052	0.022	780	2067	1687	187	2540.64	0.28810455010798436	0.7102487380705733
SPAIN	44577	01/02/2022	02/01/2022	0.106	1.29e-05	0.817	0.43	0.057	0.385	0.057	0.035	886	2340	940	105	2614.53	0.1586936238091086	0.8397664348802684
SPAIN	44584	01/09/2022	02/08/2022	0.093	2.05e-05	0.818	0.39	0.06	0.422	0.06	0.049	1184	2363	540	66	2303.67	0.08977490714486502	0.9090491611550573
SPAIN	44591	01/16/2022	02/15/2022	0.081	3.41e-05	0.819	0.356	0.062	0.454	0.062	0.062	1581	2240	330	41	1839.67	0.04735728901409454	0.9524237339153688
SPAIN	44598	01/23/2022	02/22/2022	0.08	6.17e-05	0.822	0.335	0.062	0.479	0.062	0.072	1963	2068	211	21	1342.41	0.028946285680670616	0.9710533027869711
FINLAND	44537	11/23/2021	12/23/2021	0.154	9.16e-05	0.732	0.651	0.019	0.087	0.019	0.0	15	912	1223	762	290.69	0.8211361343430903	0.17886386565691206
FINLAND	44544	11/30/2021	12/30/2021	0.119	1.35e-05	0.735	0.619	0.02	0.117	0.02	0.001	110	1098	1496	418	417.13	0.704440230843781	0.2955597691562284
FINLAND	44551	12/07/2021	01/06/2022	0.114	1.17e-05	0.736	0.576	0.022	0.152	0.022	0.003	309	1302	1547	211	660.59	0.4845589442876131	0.5154410557124075
FINLAND	44558	12/14/2021	01/13/2022	0.117	1.49e-05	0.737	0.549	0.024	0.195	0.024	0.007	491	1292	1317	103	946.81	0.3010400373468197	0.6989599626531833
FINLAND	44565	12/21/2021	01/20/2022	0.114	3.25e-05	0.737	0.516	0.025	0.245	0.025	0.013	824	1125	878	40	1203.5	0.1537512927291367	0.8462487072708665
FINLAND	44572	12/28/2021	01/27/2022	0.112	7.3e-05	0.738	0.433	0.026	0.299	0.026	0.02	1050	970	508	17	1332.56	0.08106474783504374	0.9189352521649577
CA	44542	11/28/2021	12/28/2021	0.198	5.2e-06	0.646	0.476	0.031	0.168	0.031	0.001	222	29329	18586	6487	212.29	0.5737036224312898	0.4261612847247832
CA	44549	12/05/2021	01/04/2022	0.145	1e-06	0.653	0.462	0.032	0.19	0.032	0.002	2945	26851	19126	2243	391.01	0.36810486321505087	0.6318292476957552
CA	44556	12/12/2021	01/11/2022	0.132	1.7e-06	0.659	0.447	0.033	0.211	0.033	0.005	11862	23022	18384	679	947.09	0.20057784999885375	0.7993880341794967
CA	44563	12/19/2021	01/18/2022	0.13	4e-06	0.666	0.432	0.034	0.232	0.034	0.013	21018	19458	13736	262	1627.78	0.08862686545668302	0.9113398928785182
NORWAY	44534	11/20/2021	12/20/2021	0.159	4.25e-05	0.707	0.568	0.032	0.145	0.032	0.005	31	1660	2831	1308	672.82	0.7391849394646997	0.2608150605353094
NORWAY	44541	11/27/2021	12/27/2021	0.108	6.1e-06	0.711	0.528	0.035	0.188	0.035	0.008	287	2203	2598	788	713.72	0.6165348068681364	0.38346519313188043
NORWAY	44548	12/04/2021	01/03/2022	0.098	4.7e-06	0.714	0.478	0.036	0.226	0.036	0.013	748	2808	2344	461	727.97	0.4653052170810506	0.5346947829189623
NORWAY	44555	12/11/2021	01/10/2022	0.101	5.7e-06	0.717	0.45	0.037	0.267	0.037	0.02	1115	3289	1938	272	814.71	0.2879171852651321	0.712082814734884
NORWAY	44562	12/18/2021	01/17/2022	0.111	1.19e-05	0.72	0.434	0.038	0.311	0.038	0.032	1508	3221	1445	111	1028.83	0.15381394765356568	0.8461860523464328
NORWAY	44569	12/25/2021	01/24/2022	0.119	3.01e-05	0.722	0.374	0.039	0.356	0.039	0.049	2051	3150	934	41	1539.69	0.08416833316574221	0.9158316668342501
