country	FLAI_time	t1	t2	s_hat	s_var	ba1_count_t1	ba1_count_t2	ba2_count_t1	ba2_count_t2	tmin	tmax	x_ba1	x_ba2
BELGIUM	44578	01/03/2022	02/02/2022	0.095	3.44e-05	3092	4319	33	780	44563	44682	0.91362460447855	0.05066552679449128
BELGIUM	44585	01/10/2022	02/09/2022	0.083	1.49e-05	3828	4068	90	1155	44563	44682	0.8957095660383677	0.08642489415417354
BELGIUM	44592	01/17/2022	02/16/2022	0.07	6.7e-06	4149	3707	210	1526	44563	44682	0.845829495886568	0.1412995036211551
BELGIUM	44599	01/24/2022	02/23/2022	0.064	4.4e-06	4329	3042	387	1847	44563	44682	0.7778878459430987	0.20910170377872328
BELGIUM	44606	01/31/2022	03/02/2022	0.062	3e-06	4388	2185	676	2178	44563	44682	0.7093205876266906	0.27691475926523057
BELGIUM	44613	02/07/2022	03/09/2022	0.065	2.6e-06	4126	1392	1047	2442	44563	44682	0.6269566726729591	0.3579723230229007
BELGIUM	44620	02/14/2022	03/16/2022	0.074	3e-06	3848	810	1424	2776	44563	44682	0.5131014482292842	0.47436161722485864
BELGIUM	44627	02/21/2022	03/23/2022	0.084	3.7e-06	3259	452	1754	3022	44563	44682	0.38002404552299834	0.6110000363611541
BELGIUM	44634	02/28/2022	03/30/2022	0.089	6.2e-06	2434	245	2089	3086	44563	44682	0.243139877942407	0.7529027935385612
BELGIUM	44641	03/07/2022	04/06/2022	0.088	9.6e-06	1604	152	2370	3097	44563	44682	0.14102616006189456	0.8574550411163154
BELGIUM	44648	03/14/2022	04/13/2022	0.079	1.2e-05	952	96	2667	2868	44563	44682	0.0795085372942144	0.9187862556049451
BELGIUM	44655	03/21/2022	04/20/2022	0.069	1.99e-05	538	62	2985	2723	44563	44682	0.04950357643404153	0.9479983705156934
BELGIUM	44662	03/28/2022	04/27/2022	0.064	3.73e-05	288	35	3063	2489	44563	44682	0.034115509954335814	0.9622862117740525
CA	44600	01/25/2022	02/24/2022	0.069	6.4e-06	21629	13534	222	1115	44585	44685	0.967556787660868	0.03138999842977317
CA	44607	02/01/2022	03/03/2022	0.071	3.6e-06	21933	7970	426	1316	44585	44685	0.9533123902661618	0.046006841979480066
CA	44614	02/08/2022	03/10/2022	0.085	2.7e-06	22108	4330	676	1686	44585	44685	0.9288230631121117	0.07055417479293227
CA	44621	02/15/2022	03/17/2022	0.101	2.1e-06	20015	2631	913	2513	44585	44685	0.8704825052977156	0.12873619839466133
CA	44628	02/22/2022	03/24/2022	0.112	2.1e-06	15218	1774	1070	3611	44585	44685	0.7447683181050684	0.2543669882466844
CA	44635	03/01/2022	03/31/2022	0.113	2.1e-06	9443	1312	1254	5219	44585	44685	0.5408292976674349	0.45832402245800913
CA	44642	03/08/2022	04/07/2022	0.106	2.4e-06	5133	940	1540	6710	44585	44685	0.35248414742642925	0.6467683573276454
CA	44649	03/15/2022	04/14/2022	0.093	2.7e-06	2994	693	2241	8414	44585	44685	0.21575345061738982	0.783623575346216
CA	44656	03/22/2022	04/21/2022	0.087	3.2e-06	1970	463	3256	10242	44585	44685	0.13124212428826326	0.8673235572320229
CA	44663	03/29/2022	04/28/2022	0.085	5e-06	1427	296	4726	12535	44585	44685	0.08166283875374626	0.9156905533992685
CANADA	44604	01/29/2022	02/28/2022	0.119	1.25e-05	9288	4528	101	1747	44589	44697	0.9119650080451103	0.08610127996812099
CANADA	44611	02/05/2022	03/07/2022	0.105	6.3e-06	8645	3576	222	2163	44589	44697	0.8305237085449217	0.16818430777388757
CANADA	44618	02/12/2022	03/14/2022	0.084	2.5e-06	7623	2862	629	2909	44589	44697	0.7347951541928112	0.26433170620688
CANADA	44625	02/19/2022	03/21/2022	0.076	2e-06	6114	2455	1125	4482	44589	44697	0.6382530598367102	0.3612845459452438
CANADA	44632	02/26/2022	03/28/2022	0.075	1.7e-06	4803	2056	1606	6555	44589	44697	0.5156325970400907	0.4841226571824658
CANADA	44639	03/05/2022	04/04/2022	0.076	1.8e-06	3851	1586	2045	8266	44589	44697	0.3732700671836102	0.62632971997374
CANADA	44646	03/12/2022	04/11/2022	0.077	1.9e-06	3020	1081	2624	9352	44589	44697	0.25258985736678136	0.7469438313643351
CANADA	44653	03/19/2022	04/18/2022	0.077	2.3e-06	2557	614	3943	9486	44589	44697	0.17062832002525408	0.8289057334993092
CANADA	44660	03/26/2022	04/25/2022	0.077	4.4e-06	2181	337	5971	9222	44589	44697	0.11071915827824527	0.8887397920821674
CANADA	44667	04/02/2022	05/02/2022	0.076	6.1e-06	1730	205	7844	9014	44589	44697	0.0660956452375109	0.9332354208132083
CANADA	44674	04/09/2022	05/09/2022	0.072	1.05e-05	1224	132	9130	8487	44589	44697	0.03787503141196687	0.9610063354026073
CANADA	44681	04/16/2022	05/16/2022	0.066	1.55e-05	736	83	9527	7750	44589	44697	0.023627727290027475	0.9742335685033578
FINLAND	44582	01/07/2022	02/06/2022	0.105	6.17e-05	1992	1510	22	379	44567	44692	0.9254767031711209	0.30041843290400055
FINLAND	44589	01/14/2022	02/13/2022	0.093	2.72e-05	2169	1292	50	481	44567	44692	0.8859302182127277	0.3500941481331253
FINLAND	44596	01/21/2022	02/20/2022	0.079	1.45e-05	2102	1056	106	561	44567	44692	0.8066754359934226	0.4353745127974863
FINLAND	44603	01/28/2022	02/27/2022	0.065	9.1e-06	1875	921	195	679	44567	44692	0.735863351071559	0.5092239460946707
FINLAND	44610	02/04/2022	03/06/2022	0.056	6.9e-06	1565	750	333	858	44567	44692	0.6632036840719249	0.5838861727230878
FINLAND	44617	02/11/2022	03/13/2022	0.053	5.9e-06	1367	643	462	1072	44567	44692	0.5883026649660431	0.6592484363577255
FINLAND	44624	02/18/2022	03/20/2022	0.052	6e-06	1109	481	534	1111	44567	44692	0.48206809245175636	0.7659145956800771
FINLAND	44631	02/25/2022	03/27/2022	0.055	7.1e-06	965	295	641	1018	44567	44692	0.38675596912904286	0.8612934986433542
FINLAND	44638	03/04/2022	04/03/2022	0.06	1.12e-05	790	150	796	900	44567	44692	0.3122232577559992	0.9358262514443714
FINLAND	44645	03/11/2022	04/10/2022	0.074	1.95e-05	675	71	1018	963	44567	44692	0.2368099252617929	0.7631900747382119
FINLAND	44652	03/18/2022	04/17/2022	0.082	2.97e-05	534	47	1124	1158	44567	44692	0.15423526820300448	0.8457647317970032
FINLAND	44659	03/25/2022	04/24/2022	0.086	4.3e-05	346	32	1046	1252	44567	44692	0.07718793664013067	0.9228120633468909
FINLAND	44666	04/01/2022	05/01/2022	0.08	5.62e-05	185	23	933	1288	44567	44692	0.04194852070865534	0.9580479192154748
FINLAND	44673	04/08/2022	05/08/2022	0.068	0.0001117	86	15	909	1164	44567	44692	0.027281728862131222	0.9723683861896442
FRANCE	44582	01/07/2022	02/06/2022	0.096	1.48e-05	6963	8041	83	1706	44567	44673	0.9003515464812132	0.059798591161057575
FRANCE	44589	01/14/2022	02/13/2022	0.087	5.5e-06	7278	7098	222	3000	44567	44673	0.876386296532268	0.10342004592817364
FRANCE	44596	01/21/2022	02/20/2022	0.088	3e-06	8024	5701	470	4723	44567	44673	0.8275148848121705	0.16224136970998565
FRANCE	44603	01/28/2022	02/27/2022	0.088	1.8e-06	8422	4373	905	6663	44567	44673	0.7177416329050111	0.27691515691446694
FRANCE	44610	02/04/2022	03/06/2022	0.093	1.2e-06	8250	2890	1467	8360	44567	44673	0.5670985565896203	0.42966403614889453
FRANCE	44617	02/11/2022	03/13/2022	0.094	1.2e-06	7432	1784	2580	10341	44567	44673	0.414735213741101	0.5812788807273476
FRANCE	44624	02/18/2022	03/20/2022	0.091	1.5e-06	6120	1112	4201	11704	44567	44673	0.2762673861526535	0.7201971633387494
FRANCE	44631	02/25/2022	03/27/2022	0.087	2.2e-06	4750	696	6131	12220	44567	44673	0.158338392613286	0.8390927736938236
FRANCE	44638	03/04/2022	04/03/2022	0.081	3e-06	3331	445	7874	11901	44567	44673	0.09347094058795216	0.9049372310221658
FRANCE	44645	03/11/2022	04/10/2022	0.073	5.3e-06	2027	240	9811	10284	44567	44673	0.057196597614184636	0.9419997538225406
FRANCE	44652	03/18/2022	04/17/2022	0.069	8.8e-06	1284	135	11457	9418	44567	44673	0.038159057586223566	0.9610363799420827
GERMANY	44553	12/09/2021	01/08/2022	0.058	9.93e-05	1262	18636	13	1073	44531	44683	0.2834305813903204	0.0034783020251646724
GERMANY	44560	12/16/2021	01/15/2022	0.094	5.84e-05	3268	23937	20	2360	44531	44683	0.47914395662920495	0.012539246360507409
GERMANY	44567	12/23/2021	01/22/2022	0.089	1.5e-05	6903	28724	72	4311	44531	44683	0.6684465339110641	0.03523591567193534
GERMANY	44574	12/30/2021	01/29/2022	0.075	4.3e-06	11317	32733	266	7242	44531	44683	0.7762356754967115	0.07174981510456548
GERMANY	44581	01/06/2022	02/05/2022	0.065	1.5e-06	16926	33581	809	11157	44531	44683	0.8159879612066152	0.1157103511679745
GERMANY	44588	01/13/2022	02/12/2022	0.058	8e-07	22545	31518	1942	15636	44531	44683	0.8043281016142285	0.16849507760119134
GERMANY	44595	01/20/2022	02/19/2022	0.059	4e-07	27269	25955	3645	20385	44531	44683	0.7531047097445307	0.23630336224279166
GERMANY	44602	01/27/2022	02/26/2022	0.062	3e-07	31891	19920	6321	25327	44531	44683	0.678154737710933	0.3172384470514591
GERMANY	44609	02/03/2022	03/05/2022	0.064	2e-07	33617	14542	9945	29738	44531	44683	0.5754359821428512	0.42210614117794454
GERMANY	44616	02/10/2022	03/12/2022	0.065	3e-07	32433	10636	14313	32611	44531	44683	0.4565487055684776	0.5418118560103569
GERMANY	44623	02/17/2022	03/19/2022	0.063	3e-07	27730	7028	18992	32123	44531	44683	0.3422952886062523	0.6564664005842906
GERMANY	44630	02/24/2022	03/26/2022	0.062	4e-07	21631	4338	23954	30694	44531	44683	0.2557778548405228	0.7430332331023951
GERMANY	44637	03/03/2022	04/02/2022	0.062	6e-07	15883	2574	28506	29881	44531	44683	0.18827941066024234	0.810397742015995
GERMANY	44644	03/10/2022	04/09/2022	0.064	9e-07	11682	1590	32125	29651	44531	44683	0.13073470406434695	0.8676364541707443
GERMANY	44651	03/17/2022	04/16/2022	0.067	1.3e-06	8016	1016	32513	30264	44531	44683	0.08471645580649764	0.9132268488097668
GERMANY	44658	03/24/2022	04/23/2022	0.068	2.1e-06	4978	581	31013	28183	44531	44683	0.053956061519441524	0.9433646303869747
GERMANY	44665	03/31/2022	04/30/2022	0.07	4.2e-06	3006	313	30091	25353	44531	44683	0.03459298063712108	0.9616663385636844
ITALY	44589	01/14/2022	02/13/2022	0.105	4.75e-05	2786	1559	30	387	44574	44696	0.9031682003001458	0.05718381419565093
ITALY	44596	01/21/2022	02/20/2022	0.099	1.76e-05	2798	1064	81	597	44574	44696	0.8714471433428341	0.10806653094666045
ITALY	44603	01/28/2022	02/27/2022	0.099	9.7e-06	2659	951	148	1022	44574	44696	0.8042689490387077	0.18003904920248034
ITALY	44610	02/04/2022	03/06/2022	0.089	7.1e-06	2246	856	255	1414	44574	44696	0.6583383400072592	0.33104400213356916
ITALY	44617	02/11/2022	03/13/2022	0.082	5.9e-06	1774	786	356	1839	44574	44696	0.4974645352374002	0.49576196640535664
ITALY	44624	02/18/2022	03/20/2022	0.073	5.6e-06	1137	608	508	2425	44574	44696	0.3875270525227502	0.606741389816582
ITALY	44631	02/25/2022	03/27/2022	0.066	5.5e-06	982	473	902	3126	44574	44696	0.309303371150481	0.6863336652653518
ITALY	44638	03/04/2022	04/03/2022	0.058	5.3e-06	882	411	1307	3465	44574	44696	0.21552327522628228	0.7808263133035583
ITALY	44645	03/11/2022	04/10/2022	0.056	6.1e-06	801	295	1691	3392	44574	44696	0.1363113993708981	0.8617266226847412
ITALY	44652	03/18/2022	04/17/2022	0.053	8.2e-06	681	195	2254	3129	44574	44696	0.1092343986073834	0.8889797412956455
ITALY	44659	03/25/2022	04/24/2022	0.049	1.17e-05	489	132	2942	3429	44574	44696	0.08362148212645323	0.9140114840903271
ITALY	44666	04/01/2022	05/01/2022	0.055	1.71e-05	433	88	3413	3522	44574	44696	0.06190492936957507	0.9328518299988829
ITALY	44673	04/08/2022	05/08/2022	0.061	2.56e-05	331	51	3450	3317	44574	44696	0.03917196925072291	0.9509040842844805
ITALY	44680	04/15/2022	05/15/2022	0.064	4.98e-05	222	27	3188	2569	44574	44696	0.025756284749797322	0.9604388755585582
JAPAN	44568	12/24/2021	01/23/2022	0.017	2.63e-05	3909	32408	47	647	44546	44707	0.9263404443214449	0.014829829309786234
JAPAN	44575	12/31/2021	01/30/2022	0.027	1.05e-05	12176	24657	141	642	44546	44707	0.9453418473482621	0.017481512519006967
JAPAN	44582	01/07/2022	02/06/2022	0.034	4.9e-06	24874	18740	338	697	44546	44707	0.958770929974322	0.020458542741749648
JAPAN	44589	01/14/2022	02/13/2022	0.045	3.3e-06	33165	16060	537	997	44546	44707	0.9630613186342097	0.025843274018568365
JAPAN	44596	01/21/2022	02/20/2022	0.058	2.6e-06	33582	14367	635	1539	44546	44707	0.9581551831147649	0.035473120575428445
JAPAN	44603	01/28/2022	02/27/2022	0.069	2.3e-06	27150	12923	648	2428	44546	44707	0.9413172924662594	0.05580849155081392
JAPAN	44610	02/04/2022	03/06/2022	0.075	2.2e-06	19880	11206	660	3554	44546	44707	0.9073497395983708	0.09183347574682946
JAPAN	44617	02/11/2022	03/13/2022	0.077	1.7e-06	16709	9386	885	4991	44546	44707	0.8508649915848269	0.14941248262005716
JAPAN	44624	02/18/2022	03/20/2022	0.078	1.1e-06	14763	7566	1356	7151	44546	44707	0.7709911273330674	0.22790864640603656
JAPAN	44631	02/25/2022	03/27/2022	0.078	9e-07	13378	6075	2139	10118	44546	44707	0.6698314671629778	0.32949087700761626
JAPAN	44638	03/04/2022	04/03/2022	0.076	8e-07	11697	4837	3219	12840	44546	44707	0.5349289278198581	0.4646859253125874
JAPAN	44645	03/11/2022	04/10/2022	0.073	7e-07	9914	3596	4517	14424	44546	44707	0.3930132635548189	0.6067847711139419
JAPAN	44652	03/18/2022	04/17/2022	0.067	8e-07	8069	2444	6444	14642	44546	44707	0.2858194319131853	0.7140673027603472
JAPAN	44659	03/25/2022	04/24/2022	0.065	1.2e-06	6458	1438	9224	14316	44546	44707	0.20887672805602528	0.7910459742936357
JAPAN	44666	04/01/2022	05/01/2022	0.068	1.6e-06	5187	871	12181	15517	44546	44707	0.15056485532615144	0.8492872480362033
JAPAN	44673	04/08/2022	05/08/2022	0.074	2.6e-06	3938	508	14075	16520	44546	44707	0.09824317648318286	0.90120229868017
JAPAN	44680	04/15/2022	05/15/2022	0.076	4.1e-06	2775	330	14769	17310	44546	44707	0.05734280918995018	0.9412330957006966
JAPAN	44687	04/22/2022	05/22/2022	0.073	5.6e-06	1680	215	14236	16233	44546	44707	0.032354300904564356	0.9649204142465604
NETHERLANDS	44577	01/02/2022	02/01/2022	0.089	3.31e-05	3349	4074	37	648	44562	44682	0.9147325220091469	0.05427023643142975
NETHERLANDS	44584	01/09/2022	02/08/2022	0.084	1.42e-05	4281	3733	95	1022	44562	44682	0.908777180112872	0.08912561734656592
NETHERLANDS	44591	01/16/2022	02/15/2022	0.084	8.4e-06	4549	3096	172	1464	44562	44682	0.8653521982126056	0.14343498686934245
NETHERLANDS	44598	01/23/2022	02/22/2022	0.083	4.6e-06	4465	2307	324	2016	44562	44682	0.7939585807875522	0.2181688065761906
NETHERLANDS	44605	01/30/2022	03/01/2022	0.083	3.4e-06	4180	1639	565	2643	44562	44682	0.6948224837611883	0.31900480164207196
NETHERLANDS	44612	02/06/2022	03/08/2022	0.084	2.9e-06	3837	1087	903	3166	44562	44682	0.5546282334310098	0.45972634361394765
NETHERLANDS	44619	02/13/2022	03/15/2022	0.084	3.2e-06	3323	719	1334	3557	44562	44682	0.402419816960712	0.6119443801696663
NETHERLANDS	44626	02/20/2022	03/22/2022	0.081	3.7e-06	2517	440	1839	3608	44562	44682	0.2712684604826254	0.7272185272016094
NETHERLANDS	44633	02/27/2022	03/29/2022	0.077	5.9e-06	1823	268	2475	3603	44562	44682	0.17826875345398077	0.8211265673583683
NETHERLANDS	44640	03/06/2022	04/05/2022	0.07	8.2e-06	1226	173	3022	3515	44562	44682	0.1162592024011181	0.8835810304659647
NETHERLANDS	44647	03/13/2022	04/12/2022	0.067	1.3e-05	810	103	3474	3285	44562	44682	0.07362567034420586	0.926199101759772
NETHERLANDS	44654	03/20/2022	04/19/2022	0.065	2.11e-05	512	63	3622	3089	44562	44682	0.04957791835086822	0.949635868321177
NETHERLANDS	44661	03/27/2022	04/26/2022	0.061	3.62e-05	305	38	3597	2781	44562	44682	0.032665732842062374	0.9656681126861979
NORWAY	44563	12/19/2021	01/18/2022	0.102	5.55e-05	1937	3231	22	768	44548	44673	0.7560726660650312	0.08217539178004561
NORWAY	44570	12/26/2021	01/25/2022	0.064	1.07e-05	2482	2967	129	1058	44548	44673	0.7983477258883545	0.11984600042627666
NORWAY	44577	01/02/2022	02/01/2022	0.058	5.7e-06	2995	2523	307	1488	44548	44673	0.7878448069086093	0.17778987207034092
NORWAY	44584	01/09/2022	02/08/2022	0.065	3.8e-06	3416	2128	481	2101	44548	44673	0.7388547434487203	0.24802561564742256
NORWAY	44591	01/16/2022	02/15/2022	0.067	2.9e-06	3298	1713	698	2714	44548	44673	0.6431636063691767	0.35252380673485156
NORWAY	44598	01/23/2022	02/22/2022	0.07	2.6e-06	3065	1305	964	3394	44548	44673	0.51960815060864	0.4788150636284197
NORWAY	44605	01/30/2022	03/01/2022	0.071	2.9e-06	2651	917	1344	3843	44548	44673	0.4029435347046453	0.5964743022911841
NORWAY	44612	02/06/2022	03/08/2022	0.067	3e-06	2241	612	1917	3940	44548	44673	0.2919932242890344	0.7079719764611094
NORWAY	44619	02/13/2022	03/15/2022	0.067	4.3e-06	1836	364	2536	3791	44548	44673	0.20298674921127344	0.7973062172068003
NORWAY	44626	02/20/2022	03/22/2022	0.067	6.7e-06	1418	207	3199	3453	44548	44673	0.14182632982065752	0.8578679225277901
NORWAY	44633	02/27/2022	03/29/2022	0.064	1.11e-05	1025	118	3764	2993	44548	44673	0.0937345997316307	0.9060961683797131
NORWAY	44640	03/06/2022	04/05/2022	0.065	2e-05	690	65	3930	2568	44548	44673	0.060231683654507956	0.9397523546617469
NORWAY	44647	03/13/2022	04/12/2022	0.063	3.47e-05	429	38	3861	2182	44548	44673	0.04032819597563415	0.9594759948415584
NORWAY	44654	03/20/2022	04/19/2022	0.057	5.66e-05	243	23	3571	1835	44548	44673	0.02612429679928169	0.9728887541397326
NY	44598	01/23/2022	02/22/2022	0.093	3.22e-05	3825	2460	40	411	44583	44678	0.961004260192274	0.033042239826098774
NY	44605	01/30/2022	03/01/2022	0.103	1.79e-05	3934	1979	74	807	44583	44678	0.9328296725392179	0.06290178290337388
NY	44612	02/06/2022	03/08/2022	0.112	1.12e-05	3737	1578	118	1444	44583	44678	0.8687367646072499	0.12819880181582563
NY	44619	02/13/2022	03/15/2022	0.113	7.3e-06	3226	1254	196	2259	44583	44678	0.733493089085891	0.26359169642113583
NY	44626	02/20/2022	03/22/2022	0.113	5.2e-06	2622	972	342	3759	44583	44678	0.5471019044260386	0.4506082357239737
NY	44633	02/27/2022	03/29/2022	0.11	3.7e-06	2105	708	666	6129	44583	44678	0.379119481242622	0.619083567216026
NY	44640	03/06/2022	04/05/2022	0.104	3.6e-06	1687	512	1246	8596	44583	44678	0.2250079628473738	0.7737463940153125
NY	44647	03/13/2022	04/12/2022	0.098	4.5e-06	1337	364	1985	10319	44583	44678	0.11412242082114055	0.8852456559616497
NY	44654	03/20/2022	04/19/2022	0.092	6.8e-06	1055	229	3233	11034	44583	44678	0.06071893099317482	0.9388736957694739
NY	44661	03/27/2022	04/26/2022	0.084	9.8e-06	778	133	5395	11496	44583	44678	0.03659320507083304	0.9625890966369881
SPAIN	44586	01/11/2022	02/10/2022	0.102	4.82e-05	2386	3088	26	697	44571	44685	0.8723496819010359	0.46004821802494605
SPAIN	44593	01/18/2022	02/17/2022	0.09	1.56e-05	2765	2733	74	1096	44571	44685	0.8607750534354118	0.5073302102602032
SPAIN	44600	01/25/2022	02/24/2022	0.086	8.7e-06	3044	2209	175	1678	44571	44685	0.8076206693259574	0.5723377583200119
SPAIN	44607	02/01/2022	03/03/2022	0.085	4.4e-06	3271	1756	361	2443	44571	44685	0.7174495003294281	0.6686170093639883
SPAIN	44614	02/08/2022	03/10/2022	0.083	3.5e-06	3160	1372	606	3157	44571	44685	0.5843405980805044	0.8086803487109604
SPAIN	44621	02/15/2022	03/17/2022	0.079	3e-06	2858	1020	969	3668	44571	44685	0.4350915512863711	0.5585502936535434
SPAIN	44628	02/22/2022	03/24/2022	0.072	2.9e-06	2363	709	1489	3874	44571	44685	0.31545324126317686	0.6777710395805965
SPAIN	44635	03/01/2022	03/31/2022	0.069	4e-06	1869	401	2208	3741	44571	44685	0.22678888107122863	0.7665739914949076
SPAIN	44642	03/08/2022	04/07/2022	0.069	6.5e-06	1485	228	2977	3604	44571	44685	0.16220554083422245	0.8319803775541151
SPAIN	44649	03/15/2022	04/14/2022	0.076	1.06e-05	1114	125	3540	3847	44571	44685	0.10395869670511826	0.891843891323715
SPAIN	44656	03/22/2022	04/21/2022	0.081	1.52e-05	799	80	3855	4326	44571	44685	0.063909795852678	0.9325024370854965
SPAIN	44663	03/29/2022	04/28/2022	0.073	1.88e-05	481	71	3802	5073	44571	44685	0.03467856917571428	0.9610172183128134
SWITZERLAND	44587	01/12/2022	02/11/2022	0.118	2.61e-05	3968	3148	44	1171	44572	44682	0.9119186332164437	0.06583222258422956
SWITZERLAND	44594	01/19/2022	02/18/2022	0.11	1.26e-05	3829	2694	95	1787	44572	44682	0.8465686165270632	0.14251048631808738
SWITZERLAND	44601	01/26/2022	02/25/2022	0.097	6.2e-06	3634	2014	223	2263	44572	44682	0.7406190054035048	0.2543214855108705
SWITZERLAND	44608	02/02/2022	03/04/2022	0.087	4.1e-06	3361	1332	498	2699	44572	44682	0.6181883748090009	0.3802621572481058
SWITZERLAND	44615	02/09/2022	03/11/2022	0.085	3.5e-06	3193	775	993	3042	44572	44682	0.488557755188158	0.5116548288008542
SWITZERLAND	44622	02/16/2022	03/18/2022	0.083	3.8e-06	2873	463	1622	3145	44572	44682	0.3508317398820245	0.6502111648058311
SWITZERLAND	44629	02/23/2022	03/25/2022	0.079	5.6e-06	2196	262	2130	2703	44572	44682	0.2179322147289224	0.7815074083705936
SWITZERLAND	44636	03/02/2022	04/01/2022	0.073	9.7e-06	1533	136	2592	2014	44572	44682	0.13646110450778692	0.8624953367041497
SWITZERLAND	44643	03/09/2022	04/08/2022	0.071	2.71e-05	900	46	2945	1265	44572	44682	0.09244579530392844	0.9063753568265048
SWITZERLAND	44650	03/16/2022	04/15/2022	0.082	9.59e-05	539	14	3167	940	44572	44682	0.0669883269403876	0.9315647315559888
SWITZERLAND	44657	03/23/2022	04/22/2022	0.076	0.0001498	309	10	2878	860	44572	44682	0.03967156126925049	0.9591619172328624
SWITZERLAND	44664	03/30/2022	04/29/2022	0.065	0.0001336	168	10	2222	889	44572	44682	0.017165123882037142	0.9805589761688992
USA	44603	01/28/2022	02/27/2022	0.083	1e-06	132737	52791	1397	6727	44588	44684	0.9671729890842331	0.030248532354011703
USA	44610	02/04/2022	03/06/2022	0.094	6e-07	122274	35601	2142	10599	44588	44684	0.9461041847675796	0.0522751137379664
USA	44617	02/11/2022	03/13/2022	0.106	5e-07	104190	23937	3021	16484	44588	44684	0.8967000532785988	0.10189648858071951
USA	44624	02/18/2022	03/20/2022	0.113	4e-07	82619	16754	4180	25038	44588	44684	0.7904717487074306	0.20811787430069348
USA	44631	02/25/2022	03/27/2022	0.114	3e-07	58751	11908	5967	36745	44588	44684	0.6189729947645383	0.3798086366750039
USA	44638	03/04/2022	04/03/2022	0.109	3e-07	39926	8122	9296	49567	44588	44684	0.4263738896817669	0.5725641462082627
USA	44645	03/11/2022	04/10/2022	0.101	3e-07	26698	5459	14575	60811	44588	44684	0.26362882168504015	0.7355413032934113
USA	44652	03/18/2022	04/17/2022	0.093	4e-07	18492	3501	22291	69335	44588	44684	0.15234356977037755	0.8467873653485322
USA	44659	03/25/2022	04/24/2022	0.09	7e-07	13139	2020	33121	75133	44588	44684	0.08862030751423575	0.9100575858094888
USA	44666	04/01/2022	05/01/2022	0.089	1.2e-06	9107	1125	46031	82887	44588	44684	0.05195969184231119	0.9456156652817156
