country	FLAI_time	t1	t2	s_hat	s_var	bq11_count_t1	bq11_count_t2	ba45_count_t1	ba45_count_t2	tmin	tmax	x_bq11	x_ba45
CA	44831	09/13/2022	10/13/2022	0.091	1.33e-05	106	845	10217	5362	44816	44983	0.03150625578665857	0.7903008756078511
CA	44838	09/20/2022	10/20/2022	0.089	6.4e-06	199	1382	9742	4720	44816	44983	0.05670425210884204	0.7397342241679029
CA	44845	09/27/2022	10/27/2022	0.089	4.5e-06	306	2235	8434	4294	44816	44983	0.09693080185293196	0.6741234944802015
CA	44852	10/04/2022	11/03/2022	0.084	2.9e-06	491	3465	7029	3945	44816	44983	0.15917979173451985	0.5911932997477928
CA	44859	10/11/2022	11/10/2022	0.078	2.4e-06	745	4907	5682	3570	44816	44983	0.23680595523463088	0.4929948484470612
CA	44866	10/18/2022	11/17/2022	0.073	1.6e-06	1198	6916	4850	3151	44816	44983	0.3192165571954463	0.38949821389130684
CA	44873	10/25/2022	11/24/2022	0.067	1.3e-06	1955	9185	4417	2797	44816	44983	0.3937782604124639	0.305358216192522
CA	44880	11/01/2022	12/01/2022	0.061	1.2e-06	3072	10796	4028	2272	44816	44983	0.47322160468590196	0.23009422286142148
CA	44887	11/08/2022	12/08/2022	0.057	1.2e-06	4485	11573	3704	1753	44816	44983	0.542039692272906	0.1743054001690127
CA	44894	11/15/2022	12/15/2022	0.054	1.6e-06	6246	11559	3246	1190	44816	44983	0.5975366302551198	0.13229587053641256
CA	44901	11/22/2022	12/22/2022	0.05	1.9e-06	8583	11062	2916	834	44816	44983	0.6368640072722943	0.10118738329790092
CA	44908	11/29/2022	12/29/2022	0.044	2.5e-06	10414	9775	2428	603	44816	44983	0.670251690385579	0.07313078550016151
CA	44915	12/06/2022	01/05/2023	0.038	3.5e-06	11445	7682	1905	406	44816	44983	0.6888716396168343	0.05379700667060692
CA	44922	12/13/2022	01/12/2023	0.033	5.7e-06	11584	5135	1339	221	44816	44983	0.689352029280573	0.043697075257831425
CA	44929	12/20/2022	01/19/2023	0.032	1.26e-05	11301	3447	916	107	44816	44983	0.6688858307357787	0.03605813017568867
CA	44936	12/27/2022	01/26/2023	0.024	1.57e-05	10204	2538	664	80	44816	44983	0.6255119535688788	0.028157654154647167
CA	44943	01/03/2023	02/02/2023	0.01	1.71e-05	8381	2090	460	85	44816	44983	0.5566367489080171	0.01801207445802408
CA	44950	01/10/2023	02/09/2023	0.005	2.03e-05	5820	1701	271	68	44816	44983	0.4659130234743081	0.01427230130114539
CA	44957	01/17/2023	02/16/2023	0.0	3.56e-05	3836	1455	129	49	44816	44983	0.3777611054442336	0.015079661087710179
CA	44964	01/24/2023	02/23/2023	0.023	8.2e-05	2733	1100	81	17	44816	44983	0.3003806933458894	0.012299682206543636
CANADA	44822	09/04/2022	10/04/2022	0.069	2.12e-05	63	575	5995	6925	44807	44984	0.02446556798242899	0.80735681679295
CANADA	44829	09/11/2022	10/11/2022	0.066	1.03e-05	116	870	6282	6613	44807	44984	0.03624321672867625	0.779600709205212
CANADA	44836	09/18/2022	10/18/2022	0.065	7.2e-06	191	1225	6714	6080	44807	44984	0.05730808275021111	0.7410346917934061
CANADA	44843	09/25/2022	10/25/2022	0.065	4.8e-06	303	1560	6994	5081	44807	44984	0.08615215119025305	0.6969377919864532
CANADA	44850	10/02/2022	11/01/2022	0.064	3.2e-06	502	1887	6984	3839	44807	44984	0.12294890816071924	0.6482135017648718
CANADA	44857	10/09/2022	11/08/2022	0.066	2.5e-06	779	2302	6719	2759	44807	44984	0.17033807252344338	0.5896601551061132
CANADA	44864	10/16/2022	11/15/2022	0.069	2e-06	1120	2901	6279	2034	44807	44984	0.2326333766259732	0.5090454089333701
CANADA	44871	10/23/2022	11/22/2022	0.071	1.8e-06	1470	3637	5409	1572	44807	44984	0.31727820266712903	0.4109017493703078
CANADA	44878	10/30/2022	11/29/2022	0.069	1.9e-06	1786	4478	4197	1329	44807	44984	0.41437479544006345	0.313240750172803
CANADA	44885	11/06/2022	12/06/2022	0.064	2.1e-06	2170	5414	3034	1106	44807	44984	0.508855659025022	0.23448997059196497
CANADA	44892	11/13/2022	12/13/2022	0.058	2.4e-06	2706	6199	2206	886	44807	44984	0.5842760889769846	0.18230893090959477
CANADA	44899	11/20/2022	12/20/2022	0.053	2.7e-06	3416	6903	1682	693	44807	44984	0.644301490566669	0.1392696750201863
CANADA	44906	11/27/2022	12/27/2022	0.053	3.6e-06	4228	7364	1386	488	44807	44984	0.6918041589559196	0.10372502259731176
CANADA	44913	12/04/2022	01/03/2023	0.052	4.1e-06	5140	7150	1175	346	44807	44984	0.7178454435895953	0.07643660683199374
CANADA	44920	12/11/2022	01/10/2023	0.049	6.2e-06	6002	6388	944	229	44807	44984	0.7407642491258405	0.05178218326694709
CANADA	44927	12/18/2022	01/17/2023	0.047	1.08e-05	6712	4939	755	136	44807	44984	0.7493526216168486	0.037940631832639515
CANADA	44934	12/25/2022	01/24/2023	0.04	1.45e-05	7285	3769	538	84	44807	44984	0.7472849052037748	0.0280041515684787
CANADA	44941	01/01/2023	01/31/2023	0.032	2.1e-05	7274	3230	384	65	44807	44984	0.7345717653817277	0.020888440374594513
CANADA	44948	01/08/2023	02/07/2023	0.025	2.33e-05	6699	3102	262	58	44807	44984	0.6923132634588158	0.01598449945992612
CANADA	44955	01/15/2023	02/14/2023	0.023	3.32e-05	5365	2977	157	44	44807	44984	0.6326306957928771	0.012950246878038297
CANADA	44962	01/22/2023	02/21/2023	0.021	4.78e-05	4032	2497	95	32	44807	44984	0.5785831406064951	0.01114001552140833
FRANCE	44815	08/28/2022	09/27/2022	0.107	2.21e-05	53	1330	5045	5097	44800	44973	0.05666839607558948	0.7648373585348686
FRANCE	44822	09/04/2022	10/04/2022	0.091	9.4e-06	138	1922	5118	4698	44800	44973	0.10000087165397592	0.6989923391600696
FRANCE	44829	09/11/2022	10/11/2022	0.074	4.4e-06	348	2466	5288	4084	44800	44973	0.15292285910581202	0.6295860549919776
FRANCE	44836	09/18/2022	10/18/2022	0.061	2.6e-06	705	2703	5358	3297	44800	44973	0.21390077559852327	0.5558349473980667
FRANCE	44843	09/25/2022	10/25/2022	0.055	2e-06	1166	2641	5172	2274	44800	44973	0.2781962339393928	0.4859770692294882
FRANCE	44850	10/02/2022	11/01/2022	0.052	2e-06	1752	2642	4847	1514	44800	44973	0.3358890597835624	0.42636015207175776
FRANCE	44857	10/09/2022	11/08/2022	0.057	2.4e-06	2316	2907	4275	966	44800	44973	0.40008786400627266	0.36610918928584313
FRANCE	44864	10/16/2022	11/15/2022	0.063	2.1e-06	2702	4239	3570	854	44800	44973	0.48133974745288716	0.29260212711792344
FRANCE	44871	10/23/2022	11/22/2022	0.067	2.6e-06	2629	5695	2551	748	44800	44973	0.5753226688977544	0.20974413374163361
FRANCE	44878	10/30/2022	11/29/2022	0.063	2.8e-06	2675	7486	1722	728	44800	44973	0.6602937369916362	0.14150586136313897
FRANCE	44885	11/06/2022	12/06/2022	0.055	3.4e-06	2702	8199	1079	621	44800	44973	0.7145609487959896	0.09974845587375003
FRANCE	44892	11/13/2022	12/13/2022	0.044	3.7e-06	3815	7890	870	482	44800	44973	0.7543224145309626	0.07614783057562542
FRANCE	44899	11/20/2022	12/20/2022	0.036	5.4e-06	5222	6461	776	328	44800	44973	0.7818567722792564	0.061291850348051014
FRANCE	44906	11/27/2022	12/27/2022	0.027	6.9e-06	7026	4649	736	218	44800	44973	0.8016928366566787	0.05059050807839439
FRANCE	44913	12/04/2022	01/03/2023	0.023	1.14e-05	8111	3153	658	129	44800	44973	0.813944822659673	0.04228139995523954
FRANCE	44920	12/11/2022	01/10/2023	0.017	1.52e-05	8090	2271	526	90	44800	44973	0.814049684172294	0.03869200400005617
FRANCE	44927	12/18/2022	01/17/2023	0.021	2.61e-05	6972	1822	370	52	44800	44973	0.808018330100059	0.033819192700167845
FRANCE	44934	12/25/2022	01/24/2023	0.028	4.04e-05	5166	1599	248	34	44800	44973	0.7819978192865059	0.031301900232037744
FRANCE	44941	01/01/2023	01/31/2023	0.032	6.03e-05	3520	1308	150	22	44800	44973	0.7451163797345445	0.022919566403250033
FRANCE	44948	01/08/2023	02/07/2023	0.035	9.04e-05	2485	1138	99	16	44800	44973	0.6856141760845101	0.014983132572582726
FRANCE	44955	01/15/2023	02/14/2023	0.035	0.0001423	1910	933	62	11	44800	44973	0.609559872742495	0.011047033556613286
GERMANY	44829	09/11/2022	10/11/2022	0.065	1.12e-05	111	655	10815	8993	44814	44984	0.02554266219185751	0.8121807184582417
GERMANY	44836	09/18/2022	10/18/2022	0.06	8e-06	176	840	10476	8252	44814	44984	0.03743525703808824	0.7713403485567083
GERMANY	44843	09/25/2022	10/25/2022	0.053	5e-06	282	1010	9669	6984	44814	44984	0.051020312023795616	0.7344837152501194
GERMANY	44850	10/02/2022	11/01/2022	0.053	4.1e-06	418	1263	9113	5719	44814	44984	0.06724592427928856	0.6921701095168813
GERMANY	44857	10/09/2022	11/08/2022	0.054	2.8e-06	599	1604	9061	4741	44814	44984	0.08804031259272367	0.6426778796685412
GERMANY	44864	10/16/2022	11/15/2022	0.055	2.4e-06	793	2047	8560	4284	44814	44984	0.1197879400160285	0.5779501014278707
GERMANY	44871	10/23/2022	11/22/2022	0.053	2e-06	955	2410	7349	3762	44814	44984	0.16277833521883778	0.5094096837092092
GERMANY	44878	10/30/2022	11/29/2022	0.05	1.9e-06	1183	2867	6079	3285	44814	44984	0.20820491604145824	0.4550952977341261
GERMANY	44885	11/06/2022	12/06/2022	0.047	1.7e-06	1494	3277	4957	2669	44814	44984	0.2514743145039494	0.40965629195814157
GERMANY	44892	11/13/2022	12/13/2022	0.043	1.7e-06	1923	3446	4399	2152	44814	44984	0.29750289501532673	0.35692148269568036
GERMANY	44899	11/20/2022	12/20/2022	0.042	1.7e-06	2305	3326	3916	1627	44814	44984	0.34640152002016233	0.29581036195375854
GERMANY	44906	11/27/2022	12/27/2022	0.04	2.1e-06	2733	3140	3429	1200	44814	44984	0.3814012955995574	0.24597894911924784
GERMANY	44913	12/04/2022	01/03/2023	0.034	2.3e-06	3180	2987	2851	955	44814	44984	0.4053277374745064	0.2061478057990278
GERMANY	44920	12/11/2022	01/10/2023	0.03	2.6e-06	3429	2976	2286	817	44814	44984	0.42573863138289936	0.16780128923045742
GERMANY	44927	12/18/2022	01/17/2023	0.028	2.9e-06	3379	2965	1784	671	44814	44984	0.4380294829851966	0.14327594577028244
GERMANY	44934	12/25/2022	01/24/2023	0.026	3.9e-06	3195	2869	1300	531	44814	44984	0.44401046670102723	0.1248013487971233
GERMANY	44941	01/01/2023	01/31/2023	0.027	4.6e-06	3020	2805	1011	420	44814	44984	0.4473071904028183	0.10428572905254097
GERMANY	44948	01/08/2023	02/07/2023	0.028	5.5e-06	2967	2675	852	332	44814	44984	0.4376784804572921	0.08357340481245794
GERMANY	44955	01/15/2023	02/14/2023	0.031	7.5e-06	2978	2362	714	225	44814	44984	0.4093760990991738	0.0630627788424931
GERMANY	44962	01/22/2023	02/21/2023	0.033	1.11e-05	2901	1948	571	144	44814	44984	0.36996638224616113	0.04731979996896756
ITALY	44823	09/05/2022	10/05/2022	0.076	8.35e-05	18	201	1590	1848	44808	44984	0.03741097897506727	0.832882078111706
ITALY	44830	09/12/2022	10/12/2022	0.067	3.86e-05	38	298	1636	1741	44808	44984	0.054672484430968254	0.777423423639785
ITALY	44837	09/19/2022	10/19/2022	0.065	2.18e-05	66	380	1633	1334	44808	44984	0.0749535115352353	0.7284839789768704
ITALY	44844	09/26/2022	10/26/2022	0.066	1.32e-05	124	573	1853	1201	44808	44984	0.1070976592692985	0.6673597588710124
ITALY	44851	10/03/2022	11/02/2022	0.067	9.1e-06	180	783	1860	1073	44808	44984	0.15846362969934624	0.6000136455590749
ITALY	44858	10/10/2022	11/09/2022	0.064	7e-06	269	907	1795	895	44808	44984	0.22865450676766116	0.514920066501463
ITALY	44865	10/17/2022	11/16/2022	0.059	6.2e-06	356	1036	1456	732	44808	44984	0.2981416215033673	0.4304067909470402
ITALY	44872	10/24/2022	11/23/2022	0.056	6.5e-06	499	1063	1211	476	44808	44984	0.35511006639740406	0.3660647701795506
ITALY	44879	10/31/2022	11/30/2022	0.055	5.7e-06	740	1367	1128	405	44808	44984	0.41215893484334243	0.3075341333660036
ITALY	44886	11/07/2022	12/07/2022	0.053	5.5e-06	869	1782	936	390	44808	44984	0.4928641171594385	0.23657897361017913
ITALY	44893	11/14/2022	12/14/2022	0.048	6.8e-06	1007	1835	791	343	44808	44984	0.5721980744459394	0.17922726239082293
ITALY	44900	11/21/2022	12/21/2022	0.038	7.9e-06	1055	1770	543	288	44808	44984	0.6225930857576276	0.1410790103694036
ITALY	44907	11/28/2022	12/28/2022	0.035	1.15e-05	1226	1540	406	178	44808	44984	0.6491425649309122	0.1233738597676861
ITALY	44914	12/05/2022	01/04/2023	0.032	1.27e-05	1705	1453	401	132	44808	44984	0.6632773851386563	0.11146590929912963
ITALY	44921	12/12/2022	01/11/2023	0.033	1.51e-05	1842	1403	356	102	44808	44984	0.6889743160798585	0.08410484995955117
ITALY	44928	12/19/2022	01/18/2023	0.032	1.79e-05	1800	1202	310	80	44808	44984	0.6982228779629654	0.06531830904281062
ITALY	44935	12/26/2022	01/25/2023	0.028	2.98e-05	1599	979	206	54	44808	44984	0.7023184105963163	0.0527908187120105
ITALY	44942	01/02/2023	02/01/2023	0.025	3.31e-05	1479	955	142	43	44808	44984	0.6948358631487871	0.04659014264526396
ITALY	44949	01/09/2023	02/08/2023	0.022	4.78e-05	1416	867	110	35	44808	44984	0.6724794329896584	0.03912086655744585
ITALY	44956	01/16/2023	02/15/2023	0.023	6.19e-05	1284	741	86	25	44808	44984	0.641616253148055	0.02991312141253426
ITALY	44963	01/23/2023	02/22/2023	0.022	9.43e-05	1014	524	61	17	44808	44984	0.599680735499815	0.02519800746548285
JAPAN	44855	10/07/2022	11/06/2022	0.064	9.9e-06	133	975	12652	13611	44840	44984	0.027465994846245186	0.8872798208848698
JAPAN	44862	10/14/2022	11/13/2022	0.055	5.9e-06	229	1399	12295	14641	44840	44984	0.04029834983880796	0.8576140175616599
JAPAN	44869	10/21/2022	11/20/2022	0.047	3.6e-06	356	1866	12230	15636	44840	44984	0.056290456420370366	0.8226251030681818
JAPAN	44876	10/28/2022	11/27/2022	0.04	2.5e-06	550	2309	12403	15780	44840	44984	0.07220312943169345	0.7842905044743996
JAPAN	44883	11/04/2022	12/04/2022	0.034	1.8e-06	866	2820	13289	15509	44840	44984	0.085984270348175	0.7410697856494582
JAPAN	44890	11/11/2022	12/11/2022	0.031	1.4e-06	1270	3307	14340	14646	44840	44984	0.09851752986444144	0.6934195479387426
JAPAN	44897	11/18/2022	12/18/2022	0.029	1.2e-06	1737	3475	15416	12888	44840	44984	0.11328701874836804	0.6428446811430679
JAPAN	44904	11/25/2022	12/25/2022	0.028	1.1e-06	2181	3385	15812	10723	44840	44984	0.12971847942881096	0.5920287901389599
JAPAN	44911	12/02/2022	01/01/2023	0.026	9e-07	2665	3228	15611	8775	44840	44984	0.14478858767339073	0.5486450360882681
JAPAN	44918	12/09/2022	01/08/2023	0.023	1e-06	3182	3051	14976	7108	44840	44984	0.157351364818282	0.5098145350674445
JAPAN	44925	12/16/2022	01/15/2023	0.022	1.1e-06	3483	3058	13498	6117	44840	44984	0.168707272040019	0.4688157396137675
JAPAN	44932	12/23/2022	01/22/2023	0.022	1.1e-06	3407	2769	11295	4801	44840	44984	0.1800472095386234	0.42880146927031537
JAPAN	44939	12/30/2022	01/29/2023	0.021	1.3e-06	3282	2405	9323	3616	44840	44984	0.19220612169164633	0.392536266575094
JAPAN	44946	01/06/2023	02/05/2023	0.02	1.5e-06	3083	1955	7505	2609	44840	44984	0.20112690671313627	0.3558229033420133
JAPAN	44953	01/13/2023	02/12/2023	0.018	1.9e-06	3070	1484	6405	1822	44840	44984	0.20759382196474913	0.3185233534433343
JAPAN	44960	01/20/2023	02/19/2023	0.015	2.6e-06	2864	1080	5171	1249	44840	44984	0.207991095816475	0.2814818263668901
JAPAN	44967	01/27/2023	02/26/2023	0.012	3.8e-06	2516	755	3942	816	44840	44984	0.2005934849530111	0.24902947803295544
NETHERLANDS	44818	08/31/2022	09/30/2022	0.077	6.56e-05	20	180	1930	1745	44803	44984	0.026204475087352415	0.7429528901469954
NETHERLANDS	44825	09/07/2022	10/07/2022	0.074	3.77e-05	34	287	1831	1679	44803	44984	0.039862511761438936	0.6893552915130831
NETHERLANDS	44832	09/14/2022	10/14/2022	0.073	2.51e-05	58	433	1768	1502	44803	44984	0.060681742437872	0.6312477003462712
NETHERLANDS	44839	09/21/2022	10/21/2022	0.073	1.65e-05	93	577	1737	1226	44803	44984	0.09053016417880833	0.5679938670099653
NETHERLANDS	44846	09/28/2022	10/28/2022	0.07	1.06e-05	156	685	1753	931	44803	44984	0.13410793475599841	0.5006197910845843
NETHERLANDS	44853	10/05/2022	11/04/2022	0.068	8.1e-06	252	775	1706	678	44803	44984	0.18548599442427782	0.4208254497091256
NETHERLANDS	44860	10/12/2022	11/11/2022	0.063	7e-06	389	846	1564	513	44803	44984	0.2363339167566549	0.3423991561630532
NETHERLANDS	44867	10/19/2022	11/18/2022	0.059	7.1e-06	539	936	1311	385	44803	44984	0.2941214320955722	0.273007479448409
NETHERLANDS	44874	10/26/2022	11/25/2022	0.056	7.9e-06	657	1028	1015	296	44803	44984	0.3503603577842537	0.223664039263161
NETHERLANDS	44881	11/02/2022	12/02/2022	0.052	8.5e-06	750	1112	740	231	44803	44984	0.4183959378493207	0.18283247481192635
NETHERLANDS	44888	11/09/2022	12/09/2022	0.05	9.7e-06	827	1218	555	182	44803	44984	0.4775070002319675	0.1438123826418827
NETHERLANDS	44895	11/16/2022	12/16/2022	0.046	1.2e-05	906	1274	420	148	44803	44984	0.5195890547864965	0.11380005383730987
NETHERLANDS	44902	11/23/2022	12/23/2022	0.042	1.55e-05	1005	1299	317	116	44803	44984	0.5622402569864681	0.08793605440647295
NETHERLANDS	44909	11/30/2022	12/30/2022	0.037	1.8e-05	1084	1222	249	92	44803	44984	0.5928577249087419	0.07166616320163963
NETHERLANDS	44916	12/07/2022	01/06/2023	0.032	2.62e-05	1192	1060	194	67	44803	44984	0.6112821809806391	0.05693816469944443
NETHERLANDS	44923	12/14/2022	01/13/2023	0.027	3.36e-05	1259	834	157	46	44803	44984	0.6084337765295783	0.046958756098228284
NETHERLANDS	44930	12/21/2022	01/20/2023	0.018	4.48e-05	1301	633	125	35	44803	44984	0.5883263028978902	0.03875200114418372
NETHERLANDS	44937	12/28/2022	01/27/2023	0.014	5.83e-05	1255	488	98	25	44803	44984	0.5545779584030843	0.031081369269388013
NETHERLANDS	44944	01/04/2023	02/03/2023	0.02	8.99e-05	1112	414	75	16	44803	44984	0.4862401366324734	0.027173997331902035
NETHERLANDS	44951	01/11/2023	02/10/2023	0.022	0.0001553	902	369	51	11	44803	44984	0.4020616224867302	0.021299336693774568
NY	44821	09/03/2022	10/03/2022	0.1	2.76e-05	47	712	4511	3446	44806	44984	0.037886651254077926	0.707669555111174
NY	44828	09/10/2022	10/10/2022	0.093	1.36e-05	101	969	4576	2740	44806	44984	0.06748670437627002	0.670735403452744
NY	44835	09/17/2022	10/17/2022	0.084	7.4e-06	220	1315	4549	2163	44806	44984	0.11662822657443375	0.6139842256551246
NY	44842	09/24/2022	10/24/2022	0.082	4.5e-06	395	1797	4295	1689	44806	44984	0.17855687280419813	0.5445826931520031
NY	44849	10/01/2022	10/31/2022	0.077	3.2e-06	634	2266	3647	1286	44806	44984	0.2580417418598496	0.45847040060159894
NY	44856	10/08/2022	11/07/2022	0.072	2.9e-06	895	2766	2941	1035	44806	44984	0.35426757176854096	0.36092736571048617
NY	44863	10/15/2022	11/14/2022	0.068	3.1e-06	1198	3039	2300	769	44806	44984	0.44799551380723446	0.27094526096349153
NY	44870	10/22/2022	11/21/2022	0.061	3.5e-06	1657	3375	1831	593	44806	44984	0.5154265416557458	0.20458015831971368
NY	44877	10/29/2022	11/28/2022	0.053	4.1e-06	2127	3538	1375	466	44806	44984	0.5627982120707604	0.15047966989718395
NY	44884	11/05/2022	12/05/2022	0.046	4.6e-06	2636	3398	1109	360	44806	44984	0.5801383700874869	0.10686304265976611
NY	44891	11/12/2022	12/12/2022	0.039	6.7e-06	2974	2906	839	253	44806	44984	0.5645738437918033	0.07721582880876193
NY	44898	11/19/2022	12/19/2022	0.031	9.1e-06	3270	2182	632	165	44806	44984	0.5281855303014684	0.05754672913247918
NY	44905	11/26/2022	12/26/2022	0.021	1.19e-05	3535	1591	502	120	44806	44984	0.4838541911472693	0.04336066526611482
NY	44912	12/03/2022	01/02/2023	0.014	1.82e-05	3454	1129	386	82	44806	44984	0.4465272508275616	0.034323490028839054
NY	44919	12/10/2022	01/09/2023	0.009	2.59e-05	3104	836	286	58	44806	44984	0.41208545382074235	0.031097352126513
NY	44926	12/17/2022	01/16/2023	0.013	4.27e-05	2376	619	185	33	44806	44984	0.37344626998731734	0.02747115492812675
NY	44933	12/24/2022	01/23/2023	0.026	7.85e-05	1750	509	131	18	44806	44984	0.29921804299634025	0.021107228229220034
NY	44940	12/31/2022	01/30/2023	0.022	9.37e-05	1242	437	91	17	44806	44984	0.21093207261405683	0.011959870413838376
NY	44947	01/07/2023	02/06/2023	0.02	0.0001061	913	379	65	15	44806	44984	0.15607418718687432	0.005880317494531482
NY	44954	01/14/2023	02/13/2023	0.003	0.0001156	668	283	39	15	44806	44984	0.12959246256393417	0.005056893525744312
NY	44961	01/21/2023	02/20/2023	-0.013	0.0001745	534	214	20	12	44806	44984	0.1109776234443629	0.004463546186626519
SPAIN	44827	09/09/2022	10/09/2022	0.107	7.38e-05	17	413	1606	1640	44812	44984	0.05336984053659033	0.7754628219178714
SPAIN	44834	09/16/2022	10/16/2022	0.091	3.13e-05	43	642	1557	1521	44812	44984	0.0929984750663236	0.717372392265385
SPAIN	44841	09/23/2022	10/23/2022	0.081	1.41e-05	101	894	1629	1257	44812	44984	0.14863546530976057	0.6383730579771768
SPAIN	44848	09/30/2022	10/30/2022	0.079	8.2e-06	195	1242	1648	987	44812	44984	0.21849569688267162	0.5553404475761835
SPAIN	44855	10/07/2022	11/06/2022	0.08	5.9e-06	353	1639	1642	700	44812	44984	0.3048158330420515	0.4629616504171477
SPAIN	44862	10/14/2022	11/13/2022	0.08	5.3e-06	578	2025	1577	504	44812	44984	0.41876378233406875	0.3624412831952557
SPAIN	44869	10/21/2022	11/20/2022	0.079	5.7e-06	812	2304	1332	351	44812	44984	0.551330762487583	0.25680268893657265
SPAIN	44876	10/28/2022	11/27/2022	0.077	7.4e-06	1137	2420	1070	224	44812	44984	0.6575727191357759	0.1753692308177791
SPAIN	44883	11/04/2022	12/04/2022	0.072	9.9e-06	1525	2531	775	149	44812	44984	0.7272015245304456	0.11917471777015917
SPAIN	44890	11/11/2022	12/11/2022	0.066	1.42e-05	1919	2622	549	103	44812	44984	0.7789255694259276	0.07733680928772615
SPAIN	44897	11/18/2022	12/18/2022	0.059	1.79e-05	2242	2557	394	77	44812	44984	0.8161073664637822	0.05131750264425373
SPAIN	44904	11/25/2022	12/25/2022	0.047	2.42e-05	2397	2322	255	60	44812	44984	0.8443771469042637	0.03488813076997922
SPAIN	44911	12/02/2022	01/01/2023	0.035	3.29e-05	2494	1997	167	47	44812	44984	0.8647390827820487	0.02713330180525997
SPAIN	44918	12/09/2022	01/08/2023	0.02	3.91e-05	2608	1663	113	39	44812	44984	0.8696600695801806	0.022813817565115323
SPAIN	44925	12/16/2022	01/15/2023	0.01	5.08e-05	2588	1335	84	32	44812	44984	0.8599708881685011	0.020580515928536842
SPAIN	44932	12/23/2022	01/22/2023	0.005	7.3e-05	2411	1040	64	24	44812	44984	0.8498499734528614	0.01992973730848242
SPAIN	44939	12/30/2022	01/29/2023	-0.0	8.3e-05	2087	726	50	18	44812	44984	0.8298836528224771	0.019961824750068677
SPAIN	44946	01/06/2023	02/05/2023	-0.008	0.000102	1759	566	41	17	44812	44984	0.7892993882017721	0.018487735329734092
SPAIN	44953	01/13/2023	02/12/2023	-0.008	0.0001269	1422	443	34	14	44812	44984	0.6921000078513364	0.01732154716122843
SPAIN	44960	01/20/2023	02/19/2023	-0.013	0.0001543	1130	344	26	12	44812	44984	0.558550527194491	0.01646699295062194
SPAIN	44967	01/27/2023	02/26/2023	-0.016	0.0001984	802	261	19	10	44812	44984	0.45221005965369626	0.015022687128758193
USA	44825	09/07/2022	10/07/2022	0.083	2.6e-06	491	3638	48439	29497	44810	44984	0.02625759604280295	0.756520168577735
USA	44832	09/14/2022	10/14/2022	0.082	1.7e-06	841	5391	45726	25266	44810	44984	0.045233460075767604	0.7215248149622663
USA	44839	09/21/2022	10/21/2022	0.081	1.1e-06	1365	8203	42535	22829	44810	44984	0.07662183469256438	0.6725389154413078
USA	44846	09/28/2022	10/28/2022	0.078	7e-07	2112	11870	36854	20020	44810	44984	0.12099422016492473	0.6120440399854054
USA	44853	10/05/2022	11/04/2022	0.072	5e-07	3262	16296	31034	17649	44810	44984	0.18039482671331514	0.5405320418939576
USA	44860	10/12/2022	11/11/2022	0.068	4e-07	4798	20889	26229	14925	44810	44984	0.2537589865110109	0.45807414756074916
USA	44867	10/19/2022	11/18/2022	0.065	3e-07	7281	26824	23498	12399	44810	44984	0.3284485302692056	0.3779378679208129
USA	44874	10/26/2022	11/25/2022	0.061	3e-07	10764	33191	20832	10434	44810	44984	0.4014635266386253	0.30450231652006216
USA	44881	11/02/2022	12/02/2022	0.057	3e-07	14948	37727	18291	8475	44810	44984	0.4763997700319496	0.23408710856366233
USA	44888	11/09/2022	12/09/2022	0.053	3e-07	19589	39398	15765	6544	44810	44984	0.5375363924763789	0.17788265301915696
USA	44895	11/16/2022	12/16/2022	0.049	4e-07	24892	37371	13020	4530	44810	44984	0.5816124385205115	0.13668218085681577
USA	44902	11/23/2022	12/23/2022	0.044	5e-07	31520	35081	10991	3281	44810	44984	0.6101883190856122	0.10587531691561021
USA	44909	11/30/2022	12/30/2022	0.039	7e-07	36637	30928	9018	2372	44810	44984	0.6319383480944103	0.08001262969686146
USA	44916	12/07/2022	01/06/2023	0.034	9e-07	39388	25603	7135	1685	44810	44984	0.6385650730588014	0.061702981939228754
USA	44923	12/14/2022	01/13/2023	0.028	1.3e-06	37984	19421	5030	1108	44810	44984	0.6220521581679794	0.048970130797813205
USA	44930	12/21/2022	01/20/2023	0.025	2e-06	35867	14231	3585	679	44810	44984	0.5782029431903095	0.03880487020839791
USA	44937	12/28/2022	01/27/2023	0.021	2.8e-06	32283	11192	2610	482	44810	44984	0.5050009253477917	0.029491521464758908
USA	44944	01/04/2023	02/03/2023	0.018	4.1e-06	27193	8945	1861	358	44810	44984	0.40980800945311663	0.02006711391154606
USA	44951	01/11/2023	02/10/2023	0.018	6.1e-06	21225	6787	1267	235	44810	44984	0.33076735797568446	0.014353298184345177
USA	44958	01/18/2023	02/17/2023	0.014	8.5e-06	15452	4994	776	167	44810	44984	0.26376191252760695	0.010758684167689932
USA	44965	01/25/2023	02/24/2023	0.014	1.38e-05	11928	3370	521	96	44810	44984	0.20832338857587235	0.00733172953043115
