country	FLAI_time	t1	t2	s_hat	s_var	ba2_count_t1	ba2_count_t2	ba45_count_t1	ba45_count_t2	tmin	tmax	x_ba2	x_ba45
BELGIUM	44690	04/25/2022	05/25/2022	0.114	4.73e-05	2561	1409	28	472	44675	44780	0.9292307639766305	0.06323931139827706
BELGIUM	44697	05/02/2022	06/01/2022	0.107	1.89e-05	2383	1183	71	861	44675	44780	0.8704433331392673	0.12314234090639843
BELGIUM	44704	05/09/2022	06/08/2022	0.103	1.05e-05	2153	1055	132	1408	44675	44780	0.7645356165285625	0.22717441672360408
BELGIUM	44711	05/16/2022	06/15/2022	0.099	7e-06	1793	869	229	2160	44675	44780	0.5933262634030652	0.3925892113866035
BELGIUM	44718	05/23/2022	06/22/2022	0.094	6.1e-06	1501	608	396	2656	44675	44780	0.4399264750601996	0.537974023648722
BELGIUM	44725	05/30/2022	06/29/2022	0.087	5.7e-06	1230	377	736	3033	44675	44780	0.29524972956942763	0.6739280763041411
BELGIUM	44732	06/06/2022	07/06/2022	0.085	7.4e-06	1090	221	1223	3152	44675	44780	0.19065384315965617	0.7669803171701387
BELGIUM	44739	06/13/2022	07/13/2022	0.08	1.08e-05	934	131	1954	3019	44675	44780	0.11301747911846416	0.8314567465370875
BELGIUM	44746	06/20/2022	07/20/2022	0.076	1.62e-05	685	81	2542	2886	44675	44780	0.0653460211011586	0.8641645346503679
BELGIUM	44753	06/27/2022	07/27/2022	0.069	2.82e-05	434	47	2926	2477	44675	44780	0.040639118197428055	0.8721873254258624
BELGIUM	44760	07/04/2022	08/03/2022	0.058	3.98e-05	258	31	3167	2126	44675	44780	0.026066684859401994	0.8716789732933415
CA	44695	04/30/2022	05/30/2022	0.095	8.4e-06	13203	15382	140	2771	44680	44796	0.9451986663675878	0.04641481902477433
CA	44702	05/07/2022	06/06/2022	0.089	3.5e-06	14948	13320	331	4224	44680	44796	0.9054750010046599	0.08365874055073222
CA	44709	05/14/2022	06/13/2022	0.085	1.9e-06	16325	10616	730	6113	44680	44796	0.8443238929192516	0.1403463156771511
CA	44716	05/21/2022	06/20/2022	0.085	1.1e-06	16417	8349	1388	9020	44680	44796	0.7549806523078466	0.2208797083513998
CA	44723	05/28/2022	06/27/2022	0.084	8e-07	15739	6452	2413	12352	44680	44796	0.6310484001486109	0.3320578632066672
CA	44730	06/04/2022	07/04/2022	0.083	6e-07	14043	5097	3792	16387	44680	44796	0.47491458531253916	0.47123657041870975
CA	44737	06/11/2022	07/11/2022	0.079	6e-07	11349	3759	5467	19416	44680	44796	0.33680646700490846	0.5945842136627564
CA	44744	06/18/2022	07/18/2022	0.074	8e-07	8962	2465	8152	20398	44680	44796	0.2294796598013531	0.689555654461317
CA	44751	06/25/2022	07/25/2022	0.069	1.1e-06	6954	1474	11319	19003	44680	44796	0.15668246567245434	0.7541033361023798
CA	44758	07/02/2022	08/01/2022	0.067	1.8e-06	5430	792	15229	16322	44680	44796	0.1032566965287371	0.8018604563949839
CA	44765	07/09/2022	08/08/2022	0.068	3.2e-06	4180	423	18774	14484	44680	44796	0.0688478777557184	0.8327359581232399
CA	44772	07/16/2022	08/15/2022	0.068	5.3e-06	2791	246	20333	13637	44680	44796	0.04454172502897184	0.8550040842212542
CA	44779	07/23/2022	08/22/2022	0.069	7.4e-06	1730	146	19645	13125	44680	44796	0.027354905026375578	0.8721126592525197
CANADA	44707	05/12/2022	06/11/2022	0.115	1.36e-05	8173	4759	87	1599	44692	44793	0.9218898300752434	0.0695905392692138
CANADA	44714	05/19/2022	06/18/2022	0.106	6.1e-06	7415	4061	201	2626	44692	44793	0.8547247528557322	0.13461455201154449
CANADA	44721	05/26/2022	06/25/2022	0.098	3.6e-06	6403	3172	427	3965	44692	44793	0.7538590255512152	0.23021940597246995
CANADA	44728	06/02/2022	07/02/2022	0.093	2.4e-06	5634	2399	807	5537	44692	44793	0.6120516974823468	0.3611652323906492
CANADA	44735	06/09/2022	07/09/2022	0.088	1.9e-06	4959	1695	1376	6673	44692	44793	0.44861111310738994	0.5106904220222569
CANADA	44742	06/16/2022	07/16/2022	0.081	2e-06	4276	1077	2303	6543	44692	44793	0.30325737724985147	0.6442290478353774
CANADA	44749	06/23/2022	07/23/2022	0.075	2.8e-06	3428	585	3551	5705	44692	44793	0.20123136996132093	0.7389676637461806
CANADA	44756	06/30/2022	07/30/2022	0.074	4.9e-06	2604	275	5085	4928	44692	44793	0.13863028698529772	0.793543427684568
CANADA	44763	07/07/2022	08/06/2022	0.08	1.01e-05	1892	132	6467	4900	44692	44793	0.0916953953118582	0.8295483550549482
CANADA	44770	07/14/2022	08/13/2022	0.081	1.33e-05	1240	90	6695	5501	44692	44793	0.05216779812941766	0.8479250356937376
CANADA	44777	07/21/2022	08/20/2022	0.081	2e-05	708	62	5960	5938	44692	44793	0.02542683585320903	0.8578872014358441
FINLAND	44701	05/06/2022	06/05/2022	0.119	8.65e-05	1194	717	15	308	44686	44791	0.905806169298268	0.08870626701701671
FINLAND	44708	05/13/2022	06/12/2022	0.1	3.12e-05	1115	604	46	493	44686	44791	0.8371217004081123	0.15899448624896245
FINLAND	44715	05/20/2022	06/19/2022	0.093	1.58e-05	1010	479	90	694	44686	44791	0.7180963566544629	0.2796391033818212
FINLAND	44722	05/27/2022	06/26/2022	0.089	1.41e-05	883	350	151	860	44686	44791	0.5695150833131323	0.4268496895333215
FINLAND	44729	06/03/2022	07/03/2022	0.082	1.15e-05	752	235	265	974	44686	44791	0.42443302055443605	0.5705939718221292
FINLAND	44736	06/10/2022	07/10/2022	0.076	1.2e-05	638	166	437	1089	44686	44791	0.30411481395070966	0.6906717479846078
FINLAND	44743	06/17/2022	07/17/2022	0.069	1.44e-05	513	118	638	1161	44686	44791	0.20503475018160403	0.7882197918026824
FINLAND	44750	06/24/2022	07/24/2022	0.066	2.04e-05	388	76	817	1169	44686	44791	0.1380269379999727	0.8556066442666165
FINLAND	44757	07/01/2022	07/31/2022	0.062	2.92e-05	265	49	947	1130	44686	44791	0.09658285578472249	0.8929998453172386
FINLAND	44764	07/08/2022	08/07/2022	0.068	6.35e-05	180	21	1054	936	44686	44791	0.06385781525602882	0.9217684183480681
FINLAND	44771	07/15/2022	08/14/2022	0.073	0.0001404	131	10	1149	742	44686	44791	0.043360492217679396	0.9380968318379987
FRANCE	44689	04/24/2022	05/24/2022	0.113	1.17e-05	8623	5082	96	1675	44674	44777	0.9478622844206718	0.04761942542477558
FRANCE	44696	05/01/2022	05/31/2022	0.113	6.4e-06	8539	4419	196	3041	44674	44777	0.8927476790942415	0.10342687907646385
FRANCE	44703	05/08/2022	06/07/2022	0.111	3.9e-06	7896	3778	355	4699	44674	44777	0.7723973383745045	0.22390905475914674
FRANCE	44710	05/15/2022	06/14/2022	0.104	2.4e-06	6804	3073	690	6951	44674	44777	0.611362234152515	0.3839556200444698
FRANCE	44717	05/22/2022	06/21/2022	0.093	1.7e-06	5445	2266	1383	9407	44674	44777	0.4643617422567177	0.5294221665127808
FRANCE	44724	05/29/2022	06/28/2022	0.086	1.5e-06	4574	1511	2609	11475	44674	44777	0.3226713430126612	0.6689769815912654
FRANCE	44731	06/05/2022	07/05/2022	0.083	1.7e-06	3986	1008	4166	12613	44674	44777	0.20686885463289634	0.7816490563183943
FRANCE	44738	06/12/2022	07/12/2022	0.079	2.8e-06	3270	589	6211	12064	44674	44777	0.12303622646471735	0.8626646273899726
FRANCE	44745	06/19/2022	07/19/2022	0.076	4.3e-06	2539	317	8757	10686	44674	44777	0.07770095126785435	0.9050881432368254
FRANCE	44752	06/26/2022	07/26/2022	0.071	8.2e-06	1686	160	10896	8821	44674	44777	0.04893319838349133	0.9307336213987959
FRANCE	44759	07/03/2022	08/02/2022	0.068	1.56e-05	1147	83	12453	6943	44674	44777	0.030286244379957476	0.9447423763210795
GERMANY	44692	04/27/2022	05/27/2022	0.114	4.6e-06	26348	13557	276	4336	44677	44782	0.9438485094407624	0.051618359920073215
GERMANY	44699	05/04/2022	06/03/2022	0.116	2.3e-06	24022	10549	567	8017	44677	44782	0.8871102917424097	0.10982806859572253
GERMANY	44706	05/11/2022	06/10/2022	0.117	1.5e-06	20574	8360	1008	13546	44677	44782	0.7770963234362933	0.21986121896506453
GERMANY	44713	05/18/2022	06/17/2022	0.109	9e-07	17733	6619	1947	19301	44677	44782	0.5942944454629316	0.4013874217429496
GERMANY	44720	05/25/2022	06/24/2022	0.097	6e-07	14604	4836	3660	21916	44677	44782	0.4033324159361397	0.5906403590874487
GERMANY	44727	06/01/2022	07/01/2022	0.082	6e-07	11291	3020	6753	21178	44677	44782	0.26699126132281475	0.7251738142826867
GERMANY	44734	06/08/2022	07/08/2022	0.073	1e-06	8932	1532	11782	18302	44677	44782	0.1882252719339458	0.8023723642901411
GERMANY	44741	06/15/2022	07/15/2022	0.071	1.6e-06	7085	739	17852	15778	44677	44782	0.13052644185138243	0.8583012473693302
GERMANY	44748	06/22/2022	07/22/2022	0.071	3e-06	5381	420	21579	14138	44677	44782	0.08247369749065636	0.9034290810291112
GERMANY	44755	06/29/2022	07/29/2022	0.07	5.2e-06	3503	244	21623	12285	44677	44782	0.04729946679933479	0.9347897588305518
GERMANY	44762	07/06/2022	08/05/2022	0.068	8.7e-06	1908	139	19218	10777	44677	44782	0.029875731544487007	0.9476067914383959
ITALY	44691	04/26/2022	05/26/2022	0.105	3.34e-05	3512	1842	37	458	44676	44789	0.9589929103576149	0.02745918001216658
ITALY	44698	05/03/2022	06/02/2022	0.115	2.15e-05	3484	1674	56	837	44676	44789	0.9220127304241117	0.06864197935015354
ITALY	44705	05/10/2022	06/09/2022	0.116	1.66e-05	3181	1450	82	1209	44676	44789	0.8147614582307369	0.17727184990225728
ITALY	44712	05/17/2022	06/16/2022	0.104	9.9e-06	2291	1110	145	1592	44676	44789	0.6794740610051101	0.31372439144823805
ITALY	44719	05/24/2022	06/23/2022	0.094	5.8e-06	1863	695	351	2219	44676	44789	0.5589502645285636	0.43420967618546213
ITALY	44726	05/31/2022	06/30/2022	0.088	4.5e-06	1738	519	736	3054	44676	44789	0.42860674747362293	0.5631182418261502
ITALY	44733	06/07/2022	07/07/2022	0.085	5.1e-06	1517	400	1097	3652	44676	44789	0.2590179600924075	0.7311672462569825
ITALY	44740	06/14/2022	07/14/2022	0.083	6.1e-06	1225	265	1482	3852	44676	44789	0.1523117598750688	0.8360974727445535
ITALY	44747	06/21/2022	07/21/2022	0.08	1.11e-05	796	129	1980	3530	44676	44789	0.10287687486108989	0.8835853857031749
ITALY	44754	06/28/2022	07/28/2022	0.075	1.92e-05	556	68	2842	3240	44676	44789	0.067845112339988	0.9160812712437552
ITALY	44761	07/05/2022	08/04/2022	0.072	3.42e-05	433	38	3499	2648	44676	44789	0.03810892487721538	0.9398839297544787
ITALY	44768	07/12/2022	08/11/2022	0.065	4.77e-05	308	24	3878	2114	44676	44789	0.021284733647952213	0.9498513443219726
NETHERLANDS	44688	04/23/2022	05/23/2022	0.111	4.07e-05	2913	1795	32	552	44673	44771	0.9280778281568061	0.0660087459382176
NETHERLANDS	44695	04/30/2022	05/30/2022	0.1	1.66e-05	2654	1424	86	930	44673	44771	0.8741679349288913	0.12176898937458541
NETHERLANDS	44702	05/07/2022	06/06/2022	0.1	9e-06	2491	1094	161	1391	44673	44771	0.7800146885359278	0.21604804767521943
NETHERLANDS	44709	05/14/2022	06/13/2022	0.096	6.7e-06	2234	844	282	1910	44673	44771	0.6260730247607031	0.3678762439687998
NETHERLANDS	44716	05/21/2022	06/20/2022	0.091	5.6e-06	1897	615	474	2364	44673	44771	0.4571836880679229	0.5331567173537133
NETHERLANDS	44723	05/28/2022	06/27/2022	0.081	5e-06	1531	436	808	2638	44673	44771	0.3196227753925206	0.6660520874289192
NETHERLANDS	44730	06/04/2022	07/04/2022	0.076	6.5e-06	1176	268	1256	2827	44673	44771	0.21354562235902902	0.7677448794651672
NETHERLANDS	44737	06/11/2022	07/11/2022	0.074	9e-06	915	160	1758	2831	44673	44771	0.14695292580583336	0.8274690090194345
NETHERLANDS	44744	06/18/2022	07/18/2022	0.083	1.87e-05	673	72	2258	2840	44673	44771	0.09040604973608951	0.8800496175812195
NETHERLANDS	44751	06/25/2022	07/25/2022	0.09	3.84e-05	487	37	2567	2823	44673	44771	0.05552908799932046	0.9091382302657077
NORWAY	44694	04/29/2022	05/29/2022	0.117	8.73e-05	1482	768	16	267	44679	44815	0.9387747073034256	0.05804690992732478
NORWAY	44701	05/06/2022	06/05/2022	0.114	4.14e-05	1199	655	32	529	44679	44815	0.8732714288329398	0.12310964013399711
NORWAY	44708	05/13/2022	06/12/2022	0.113	2.33e-05	1054	558	59	914	44679	44815	0.7607493903639835	0.23538407599858333
NORWAY	44715	05/20/2022	06/19/2022	0.103	1.48e-05	932	413	117	1149	44679	44815	0.5791924926669563	0.4161282884331658
NORWAY	44722	05/27/2022	06/26/2022	0.088	1.11e-05	807	293	223	1135	44679	44815	0.3991942947204358	0.5958044488085368
NORWAY	44729	06/03/2022	07/03/2022	0.076	1.41e-05	681	149	434	930	44679	44815	0.27457705045094205	0.721459560350442
NORWAY	44736	06/10/2022	07/10/2022	0.073	2.37e-05	595	65	809	780	44679	44815	0.21215003785167508	0.7831532094427935
NORWAY	44743	06/17/2022	07/17/2022	0.07	3.52e-05	448	40	1106	799	44679	44815	0.14780138192538808	0.8454095378837004
NORWAY	44750	06/24/2022	07/24/2022	0.068	4.18e-05	330	33	1165	878	44679	44815	0.08243630774948807	0.9024454388620531
NORWAY	44757	07/01/2022	07/31/2022	0.061	5.62e-05	188	27	996	887	44679	44815	0.05035170464031154	0.924588163733838
NORWAY	44764	07/08/2022	08/07/2022	0.05	8.32e-05	80	20	804	875	44679	44815	0.03685929780369082	0.9279251642740941
NORWAY	44771	07/15/2022	08/14/2022	0.041	0.0001268	45	14	779	808	44679	44815	0.02988038436730918	0.927331666319927
NORWAY	44778	07/22/2022	08/21/2022	0.033	0.0001479	35	11	861	718	44679	44815	0.02266175962827121	0.9298643777712461
NORWAY	44785	07/29/2022	08/28/2022	0.025	0.0001733	29	10	889	611	44679	44815	0.017417566920480215	0.9327624228514885
NY	44702	05/07/2022	06/06/2022	0.11	8.6e-06	13289	7330	150	2227	44687	44793	0.938264999485453	0.056955110354614216
NY	44709	05/14/2022	06/13/2022	0.106	3.9e-06	13517	5483	333	3256	44687	44793	0.8760468398760313	0.11410311476508042
NY	44716	05/21/2022	06/20/2022	0.103	2.2e-06	12367	3868	671	4682	44687	44793	0.7693714911570548	0.21161603796364536
NY	44723	05/28/2022	06/27/2022	0.1	1.5e-06	10257	2687	1199	6316	44687	44793	0.6278935589218169	0.3382786457338691
NY	44730	06/04/2022	07/04/2022	0.094	1.4e-06	7948	1866	1973	7713	44687	44793	0.4524057083885069	0.4950648086993297
NY	44737	06/11/2022	07/11/2022	0.089	1.6e-06	5976	1193	2926	8318	44687	44793	0.2952918523076337	0.635539794125541
NY	44744	06/18/2022	07/18/2022	0.082	2.3e-06	4296	706	4246	8074	44687	44793	0.18911098907528825	0.7235442452554083
NY	44751	06/25/2022	07/25/2022	0.075	3.8e-06	2973	398	5845	7343	44687	44793	0.12005394106036471	0.7780017153548381
NY	44758	07/02/2022	08/01/2022	0.07	5.9e-06	2082	219	7372	6383	44687	44793	0.07548883617043034	0.8043988818993504
NY	44765	07/09/2022	08/08/2022	0.068	1.06e-05	1369	124	8248	5703	44687	44793	0.04723959955524303	0.8159161642747306
NY	44772	07/16/2022	08/15/2022	0.066	1.71e-05	825	72	8207	5151	44687	44793	0.030123583644476398	0.8186009446346628
SPAIN	44688	04/23/2022	05/23/2022	0.109	2.61e-05	4517	4169	46	1095	44673	44824	0.9381633699534915	0.05352478921657036
SPAIN	44695	04/30/2022	05/30/2022	0.101	1.02e-05	5248	3402	126	1660	44673	44824	0.8899217048241317	0.10364393370318864
SPAIN	44702	05/07/2022	06/06/2022	0.095	5.3e-06	5329	2738	275	2412	44673	44824	0.8021075220146545	0.19185081487610472
SPAIN	44709	05/14/2022	06/13/2022	0.092	3e-06	4963	2045	520	3349	44673	44824	0.6860302914716229	0.3076206496028833
SPAIN	44716	05/21/2022	06/20/2022	0.088	2.4e-06	4377	1435	951	4346	44673	44824	0.549211402343361	0.44432155734203493
SPAIN	44723	05/28/2022	06/27/2022	0.084	2.3e-06	3614	1017	1487	5229	44673	44824	0.3985137837419594	0.5957523237703309
SPAIN	44730	06/04/2022	07/04/2022	0.079	2.8e-06	2920	725	2172	5699	44673	44824	0.2623329027107861	0.7315961261742318
SPAIN	44737	06/11/2022	07/11/2022	0.071	3.4e-06	2253	492	3078	5698	44673	44824	0.17104742936076897	0.8216205382804384
SPAIN	44744	06/18/2022	07/18/2022	0.06	4.6e-06	1583	335	4060	5202	44673	44824	0.11749966578869961	0.8716535807619622
SPAIN	44751	06/25/2022	07/25/2022	0.053	6.8e-06	1120	208	5016	4532	44673	44824	0.08195291895401129	0.9015380005375759
SPAIN	44758	07/02/2022	08/01/2022	0.048	1.05e-05	801	126	5609	3659	44673	44824	0.061345526921942846	0.9167451507807522
SPAIN	44765	07/09/2022	08/08/2022	0.039	1.53e-05	551	87	5759	2914	44673	44824	0.04502508519472118	0.9289763928286794
SPAIN	44772	07/16/2022	08/15/2022	0.035	2.19e-05	373	59	5373	2376	44673	44824	0.03344691124899842	0.9388275003062768
SPAIN	44779	07/23/2022	08/22/2022	0.027	3e-05	242	46	4744	1998	44673	44824	0.028783047910068936	0.9378926970272949
SPAIN	44786	07/30/2022	08/29/2022	0.018	3.69e-05	144	39	3912	1781	44673	44824	0.023788322185242176	0.9297964145743912
SPAIN	44793	08/06/2022	09/05/2022	0.016	5.02e-05	96	32	3099	1664	44673	44824	0.021259574121923957	0.9110616891008302
SPAIN	44800	08/13/2022	09/12/2022	0.015	6.64e-05	65	26	2515	1570	44673	44824	0.019982303295998326	0.8944175070773813
SPAIN	44807	08/20/2022	09/19/2022	0.025	9.63e-05	49	18	2088	1578	44673	44824	0.017355674297762545	0.8772196520712734
SWITZERLAND	44692	04/27/2022	05/27/2022	0.135	0.0001437	865	649	10	407	44677	44768	0.9040657428438601	0.08746583678930352
SWITZERLAND	44699	05/04/2022	06/03/2022	0.121	4.4e-05	948	512	31	613	44677	44768	0.7956484629416609	0.19474701295569166
SWITZERLAND	44706	05/11/2022	06/10/2022	0.107	1.93e-05	955	409	80	834	44677	44768	0.6323568845799364	0.35655016268886264
SWITZERLAND	44713	05/18/2022	06/17/2022	0.096	1.23e-05	862	292	186	1105	44677	44768	0.46966037957966567	0.5171243848754339
SWITZERLAND	44720	05/25/2022	06/24/2022	0.085	1.14e-05	696	193	350	1258	44677	44768	0.34252185114570294	0.6448919715964951
SWITZERLAND	44727	06/01/2022	07/01/2022	0.081	1.62e-05	546	115	551	1308	44677	44768	0.22119207710351124	0.7680644472654542
SWITZERLAND	44734	06/08/2022	07/08/2022	0.081	2.38e-05	440	63	768	1261	44677	44768	0.13996855027621868	0.8481030788362741
SWITZERLAND	44741	06/15/2022	07/15/2022	0.082	4.18e-05	324	32	1029	1177	44677	44768	0.08646053494105013	0.9000940178358912
SWITZERLAND	44748	06/22/2022	07/22/2022	0.085	8.53e-05	218	17	1231	1200	44677	44768	0.05040995119979501	0.9313279119960064
TX	44692	04/27/2022	05/27/2022	0.1	4.72e-05	2504	4704	26	979	44677	44791	0.9402755570980361	0.055536621210197284
TX	44699	05/04/2022	06/03/2022	0.087	1.76e-05	2732	4683	67	1563	44677	44791	0.9005308261705149	0.0968270893480482
TX	44706	05/11/2022	06/10/2022	0.077	7.7e-06	3135	3952	168	2108	44677	44791	0.8352838069786044	0.16081515555566717
TX	44713	05/18/2022	06/17/2022	0.074	3.9e-06	3787	2956	375	2662	44677	44791	0.7561837828030021	0.23697392657497474
TX	44720	05/25/2022	06/24/2022	0.074	2.7e-06	4529	1809	803	2976	44677	44791	0.6601248406660009	0.32772379755257486
TX	44727	06/01/2022	07/01/2022	0.077	2.2e-06	4800	1279	1412	3824	44677	44791	0.5332785386930754	0.4451005814458083
TX	44734	06/08/2022	07/08/2022	0.081	2.4e-06	4183	922	1936	4867	44677	44791	0.38622822493653364	0.5802781883646153
TX	44741	06/15/2022	07/15/2022	0.079	2.7e-06	3282	654	2541	5342	44677	44791	0.2542859429492749	0.6980463007874504
TX	44748	06/22/2022	07/22/2022	0.073	3.7e-06	2087	460	2863	5559	44677	44791	0.15929744952183922	0.7792658507060162
TX	44755	06/29/2022	07/29/2022	0.067	5.9e-06	1387	246	3499	4656	44677	44791	0.10628840589642538	0.8212895319927662
TX	44762	07/06/2022	08/05/2022	0.067	1.11e-05	1029	122	4660	4167	44677	44791	0.07404312091409641	0.845011119157047
TX	44769	07/13/2022	08/12/2022	0.07	1.97e-05	712	64	5207	3788	44677	44791	0.049345256701029544	0.8624012040779746
USA	44696	05/01/2022	05/31/2022	0.094	1.3e-06	82887	85987	888	15393	44681	44800	0.950620663094851	0.04388865450510778
USA	44703	05/08/2022	06/07/2022	0.089	7e-07	89483	71887	1953	22771	44681	44800	0.9120636926427611	0.08074139952623473
USA	44710	05/15/2022	06/14/2022	0.087	3e-07	94839	56016	3997	31739	44681	44800	0.8485661834341927	0.13974772495034105
USA	44717	05/22/2022	06/21/2022	0.086	2e-07	93931	39496	7574	42300	44681	44800	0.758642943355923	0.2215852036265491
USA	44724	05/29/2022	06/28/2022	0.086	2e-07	88752	27624	13434	55315	44681	44800	0.6371756058227762	0.33097792849491636
USA	44731	06/05/2022	07/05/2022	0.085	1e-07	76393	19729	20576	68959	44681	44800	0.48142978158032146	0.46998366726206126
USA	44738	06/12/2022	07/12/2022	0.083	2e-07	60647	13402	28933	77316	44681	44800	0.3286639364447659	0.6044358967052845
USA	44745	06/19/2022	07/19/2022	0.078	2e-07	44031	8603	39197	79030	44681	44800	0.2163576914382334	0.7008756695248989
USA	44752	06/26/2022	07/26/2022	0.072	3e-07	30420	5015	51304	73715	44681	44800	0.14172091834833664	0.7632862075647087
USA	44759	07/03/2022	08/02/2022	0.069	5e-07	21783	2775	65332	66153	44681	44800	0.09331970467916803	0.8016129334374252
USA	44766	07/10/2022	08/09/2022	0.068	8e-07	15059	1607	75658	61619	44681	44800	0.06006644442172269	0.8266100224995327
USA	44773	07/17/2022	08/16/2022	0.065	1.3e-06	9854	1042	79218	58399	44681	44800	0.03791140344612129	0.8404685738139728
USA	44780	07/24/2022	08/23/2022	0.061	1.7e-06	5891	702	75894	56119	44681	44800	0.023454127093023785	0.8461121577578452
