country	FLAI_time	t1	t2	s_hat	s_var	vaccinated	recovered	delta_recov	alpha_recov	alpha_count_t1	alpha_count_t2	delta_count_t1	delta_count_t2	av_cases	x_wt	x_delta	x_alpha
ITALY	44320	04/20/2021	05/20/2021	0.057	2.69e-05	0.116	0.069	0.000337070957621357	0.02290823856927834	5029	2572	56	159	167.63	0.1374684631512263	0.032266279174770006	0.8302652576740037
ITALY	44327	04/27/2021	05/27/2021	0.048	1.65e-05	0.137	0.07	0.000369927850774187	0.02381705017083387	4476	2100	106	209	132.81	0.15989921247111438	0.03777072734414951	0.8023300601847361
ITALY	44334	05/04/2021	06/03/2021	0.061	1.22e-05	0.161	0.07	0.0004033339410379526	0.024494638451893105	3620	1445	134	329	99.11	0.16985123597380825	0.046398961000681846	0.7837498030255099
ITALY	44341	05/11/2021	06/10/2021	0.071	1.16e-05	0.185	0.071	0.00043772401245802236	0.02497120727626706	3189	1269	146	491	70.23	0.1858658446913487	0.0676706185309014	0.7464635367777499
ITALY	44348	05/18/2021	06/17/2021	0.081	9.4e-06	0.208	0.071	0.000474916601635633	0.025288448446304627	2715	1214	154	773	49.64	0.2016103315538238	0.13516729188570473	0.6632223765604714
ITALY	44355	05/25/2021	06/24/2021	0.088	8.7e-06	0.232	0.072	0.000515874124640585	0.025495078256629205	2252	1121	187	1320	35.07	0.21123427314769716	0.21054842243064553	0.5782173044216573
ITALY	44362	06/01/2021	07/01/2021	0.086	6e-06	0.258	0.072	0.0005598175675277202	0.025623779948228637	1609	974	290	2297	24.35	0.19745421180045541	0.2968412746786195	0.505704513520925
ITALY	44369	06/08/2021	07/08/2021	0.093	5.6e-06	0.287	0.072	0.0006071104595701854	0.025701121242626298	1279	663	437	3668	18.22	0.15372981306864747	0.4383507666997106	0.4079194202316419
ITALY	44376	06/15/2021	07/15/2021	0.1	5.4e-06	0.324	0.072	0.0006646795496191795	0.025747176467057986	1242	440	674	4789	16.27	0.10654727678405912	0.6067236875647419	0.28672903565119895
ITALY	44383	06/22/2021	07/22/2021	0.097	6.2e-06	0.368	0.072	0.0007563433122795784	0.025775270342737012	1141	275	1121	5018	22.64	0.06263761659847703	0.7784835417020106	0.15887884169951236
ITALY	44390	06/29/2021	07/29/2021	0.091	8.6e-06	0.416	0.073	0.0009319610094448566	0.02579703483693423	1038	155	1981	4562	37.82	0.03758711544580749	0.8749657089490839	0.08744717560510863
ITALY	44397	07/06/2021	08/05/2021	0.082	1.66e-05	0.464	0.073	0.0012301533900372105	0.025817368239747944	749	75	3239	3743	56.49	0.024921803605089797	0.9207361462703392	0.05434205012457103
BELGIUM	44318	04/18/2021	05/18/2021	0.041	3.65e-05	0.086	0.085	9.966816884246174e-05	0.020723808939915142	3356	3233	41	132	250.98	0.11797156787316465	0.022840564510290973	0.8591878676165444
BELGIUM	44325	04/25/2021	05/25/2021	0.031	2.23e-05	0.104	0.087	0.00014054915189151958	0.022182463623964407	3414	2951	67	147	226.82	0.11595290045413242	0.028750586998735943	0.8552965125471317
BELGIUM	44332	05/02/2021	06/01/2021	0.034	1.96e-05	0.129	0.088	0.00018577841153563434	0.023475540133882193	3370	2393	87	173	200.67	0.1186387329229629	0.03411929187761579	0.8472419751994213
BELGIUM	44339	05/09/2021	06/08/2021	0.044	1.64e-05	0.159	0.089	0.0002352057508450741	0.024602208358539476	3498	1829	113	218	166.91	0.11304364298660907	0.04063661620076452	0.8463197408126264
BELGIUM	44346	05/16/2021	06/15/2021	0.066	1.32e-05	0.195	0.09	0.0002872950647530147	0.025504257675966202	3295	1186	129	330	136.84	0.10667990577901043	0.05729145352344448	0.8360286406975451
BELGIUM	44353	05/23/2021	06/22/2021	0.096	1.19e-05	0.234	0.091	0.00034459400741719933	0.026212843467453156	3067	753	142	615	97.26	0.09828567307568736	0.08867332315014548	0.8130410037741671
BELGIUM	44360	05/30/2021	06/29/2021	0.121	1.07e-05	0.272	0.092	0.0004102598424744127	0.026687290511097986	2560	478	166	1162	66.68	0.08530662376209197	0.17764369302923372	0.7370496832086743
BELGIUM	44367	06/06/2021	07/06/2021	0.13	9.9e-06	0.308	0.092	0.0005004604319218329	0.02697036814529764	1998	361	200	1781	48.0	0.05953289181824628	0.38566666190930826	0.5548004462724454
BELGIUM	44374	06/13/2021	07/13/2021	0.125	9.4e-06	0.346	0.092	0.0006583931247282328	0.0271265430608927	1360	266	285	2335	50.36	0.03615221575741495	0.6551206059875392	0.30872717825504586
BELGIUM	44381	06/20/2021	07/20/2021	0.113	1.11e-05	0.387	0.093	0.0009482485368443997	0.027222272031872535	858	158	509	2757	67.34	0.031175731635721293	0.7928813111303525	0.17594295723392617
BELGIUM	44388	06/27/2021	07/27/2021	0.11	1.9e-05	0.435	0.093	0.0014034726508558386	0.027293180507520064	536	66	985	3216	90.28	0.02744052618109727	0.8656316039672282	0.10692786985167457
GERMANY	44317	04/17/2021	05/17/2021	0.045	5.2e-06	0.084	0.041	0.00045136963512855014	0.011980889491016854	27077	15282	320	694	194.42	0.04360861209785416	0.06002728541974243	0.8963641024824034
GERMANY	44324	04/24/2021	05/24/2021	-0.003	3.2e-06	0.099	0.042	0.0005175469769708497	0.013129057445743436	27307	11775	1298	506	158.56	0.0458014975587725	0.06919908178628152	0.884999420654946
GERMANY	44331	05/01/2021	05/31/2021	0.006	2.5e-06	0.12	0.043	0.0005731846077748793	0.014019020178877118	24349	8718	1586	689	117.3	0.04688085464373326	0.04645366308246496	0.9066654822738017
GERMANY	44338	05/08/2021	06/07/2021	0.025	2e-06	0.147	0.043	0.0006143786368670996	0.014667362511321076	20655	5955	1604	978	82.21	0.048566573602744745	0.03659137167646617	0.914842054720789
GERMANY	44345	05/15/2021	06/14/2021	0.063	2.3e-06	0.181	0.044	0.0006431890370314562	0.01510827609113489	16468	3457	947	1325	54.88	0.057489777120453445	0.06325867910504107	0.8792515437745054
GERMANY	44352	05/22/2021	06/21/2021	0.107	4e-06	0.222	0.044	0.0006679220204289777	0.015395369784235282	12671	1854	476	1717	34.79	0.0653245360974678	0.1198271501579862	0.814848313744546
GERMANY	44359	05/29/2021	06/28/2021	0.118	3.5e-06	0.266	0.044	0.0006946999043347608	0.015563748169516717	9594	942	630	2157	22.84	0.07463488439045896	0.23413764213605448	0.6912274734734866
GERMANY	44366	06/05/2021	07/05/2021	0.124	4e-06	0.31	0.045	0.0007246292146396943	0.015658215569461856	6708	506	885	2769	14.43	0.08065518802858374	0.4125225132219985	0.5068222987494178
GERMANY	44373	06/12/2021	07/12/2021	0.128	5.4e-06	0.352	0.045	0.0007589744387700701	0.01570620705845285	4091	286	1224	4023	10.19	0.07448577320409644	0.6195692361334494	0.3059449906624542
GERMANY	44380	06/19/2021	07/19/2021	0.126	7.8e-06	0.392	0.045	0.000802850367471613	0.01572730648888754	2232	173	1600	5356	10.2	0.0635959966713078	0.7750568546400655	0.16134714868862673
GERMANY	44387	06/26/2021	07/26/2021	0.115	1.13e-05	0.429	0.045	0.0008672446515500397	0.015737698583939416	1135	124	2030	6994	13.02	0.03869220449383112	0.8891400174138182	0.07216777809235067
GERMANY	44394	07/03/2021	08/02/2021	0.105	1.38e-05	0.463	0.045	0.0009610482732131091	0.01574373486358734	601	94	2545	9267	17.39	0.021997204243394762	0.9442286083918146	0.03377418736479069
JAPAN	44335	05/05/2021	06/04/2021	0.047	1.01e-05	0.022	0.006	1.537552498920302e-05	0.0016024792489377098	15228	6971	174	326	38.88	0.06410166270764561	0.01664810363376389	0.9192502336585905
JAPAN	44342	05/12/2021	06/11/2021	0.057	8.1e-06	0.03	0.006	2.0561811388542812e-05	0.001838885967972367	13880	6343	203	509	32.81	0.05143109725169437	0.024185139217322623	0.9243837635309831
JAPAN	44349	05/19/2021	06/18/2021	0.067	7.2e-06	0.042	0.006	2.6433820856618774e-05	0.0020260722133052587	11598	6158	203	814	24.61	0.0382564627349774	0.0398868771283449	0.9218566601366777
JAPAN	44356	05/26/2021	06/25/2021	0.076	6.2e-06	0.059	0.006	3.3310495405904096e-05	0.002163877982854142	9040	6130	221	1458	18.16	0.02247979858220983	0.06793432447896448	0.9095858769388256
JAPAN	44363	06/02/2021	07/02/2021	0.078	4.2e-06	0.084	0.006	4.25051792830086e-05	0.0022654710391842923	7287	6469	291	2676	14.32	0.012056060412641956	0.10806715379381371	0.8798767857935443
JAPAN	44370	06/09/2021	07/09/2021	0.081	3e-06	0.115	0.006	5.60922808558643e-05	0.0023449996978897156	6440	6652	446	5175	12.86	0.006886672963516527	0.17810810384968517	0.8150052231867982
JAPAN	44377	06/16/2021	07/16/2021	0.086	1.9e-06	0.151	0.006	7.86534127550703e-05	0.0024132235634461642	6216	6686	710	10096	13.84	0.004347123668916875	0.275375693449542	0.7202771828815412
JAPAN	44384	06/23/2021	07/23/2021	0.086	1.3e-06	0.19	0.007	0.00012081226628163916	0.0024780182714541628	6081	6100	1218	16067	17.81	0.0026543034224947304	0.4128540789181086	0.5844916176593967
JAPAN	44391	06/30/2021	07/30/2021	0.086	9e-07	0.229	0.007	0.0001986279949088728	0.002542271778943325	6374	4917	2254	22820	25.67	0.0015315661745642917	0.5789083684039601	0.4195600654214756
JAPAN	44398	07/07/2021	08/06/2021	0.087	7e-07	0.271	0.007	0.0003604846160953023	0.0026112302527290946	6616	3699	4246	32022	43.7	0.0009196223774854406	0.708866221309537	0.29021415631297753
JAPAN	44405	07/14/2021	08/13/2021	0.086	7e-07	0.315	0.007	0.0006644690706010287	0.002684773338751544	6699	2408	8425	40234	66.5	0.000604778830798236	0.8093738871555998	0.190021334013602
JAPAN	44412	07/21/2021	08/20/2021	0.083	1.1e-06	0.356	0.008	0.0011458193753613284	0.002756400371150646	6364	1628	14414	44738	96.27	0.00037212912324167957	0.8873563812229105	0.11227148965384783
JAPAN	44419	07/28/2021	08/27/2021	0.078	1.5e-06	0.398	0.009	0.0018632313565922134	0.002823044425455919	5266	998	20612	41012	131.05	0.0002911013792872147	0.9381284068701471	0.061580491750565694
JAPAN	44426	08/04/2021	09/03/2021	0.072	2.7e-06	0.435	0.01	0.002796067922521712	0.0028790844602061844	4055	488	29277	30890	151.26	0.0003743874839461578	0.9625127069454726	0.0371129055705812
FRANCE	44323	04/23/2021	05/23/2021	0.034	3.58e-05	0.114	0.078	8.340472436279353e-05	0.028511439640988397	4149	2717	51	93	210.9	0.14654356826568105	0.015492412700713257	0.8379640190336057
FRANCE	44330	04/30/2021	05/30/2021	0.051	2.46e-05	0.13	0.08	0.00010615009499916548	0.029654623060533254	3792	2432	66	197	171.49	0.13678083643614958	0.015082696194941266	0.8481364673689091
FRANCE	44337	05/07/2021	06/06/2021	0.077	2.12e-05	0.147	0.081	0.0001355574836288939	0.030612568773098404	3580	1827	65	328	144.63	0.13701429729839587	0.024604064886941255	0.8383816378146629
FRANCE	44344	05/14/2021	06/13/2021	0.112	2.39e-05	0.166	0.082	0.00017682398031668365	0.03139551917210086	3146	1287	56	654	120.04	0.13691704989182552	0.05980198340873028	0.8032809666994442
FRANCE	44351	05/21/2021	06/20/2021	0.128	1.82e-05	0.188	0.082	0.00023414286996739541	0.03198907176825496	2920	1027	74	1191	87.94	0.13974225944847796	0.11482535131976347	0.7454323892317586
FRANCE	44358	05/28/2021	06/27/2021	0.121	9.7e-06	0.216	0.083	0.00030637056241284994	0.032384047023658095	2450	861	165	2168	66.04	0.15923413324466573	0.2616892312351375	0.5790766355201967
FRANCE	44365	06/04/2021	07/04/2021	0.119	6.1e-06	0.249	0.083	0.000391328372614328	0.03261882451166842	2091	886	280	4247	41.99	0.1477311036086736	0.42985941463125543	0.422409481760071
FRANCE	44372	06/11/2021	07/11/2021	0.104	4.3e-06	0.287	0.083	0.0005004872360731594	0.03273229984813612	1344	797	534	7173	34.06	0.11732586126635836	0.6162252416207613	0.26644889711288033
FRANCE	44379	06/18/2021	07/18/2021	0.092	3.8e-06	0.327	0.084	0.0006672664605382691	0.032791131474262124	1137	637	1021	9111	41.86	0.07067872143786175	0.7547171366502926	0.17460414191184565
FRANCE	44386	06/25/2021	07/25/2021	0.079	4.6e-06	0.368	0.084	0.001003497200027788	0.032836959983672316	854	428	1807	9814	87.95	0.03504223841344753	0.8618980699279094	0.10305969165864307
FRANCE	44393	07/02/2021	08/01/2021	0.078	6.9e-06	0.407	0.085	0.0017227419334854416	0.03288943695156612	899	234	3517	9399	150.9	0.020893172004868094	0.9111769902788858	0.06792983771624614
FRANCE	44400	07/09/2021	08/08/2021	0.076	1.1e-05	0.441	0.086	0.0028771040848979295	0.032945886389937194	826	120	6399	8925	213.24	0.01259359995334828	0.9432364961090604	0.04416990393759137
SWITZERLAND	44343	05/13/2021	06/12/2021	0.091	4.17e-05	0.204	0.079	8.388929261807053e-05	0.018048799713143195	3363	810	37	137	85.37	0.05893460992189836	0.03627186689183128	0.9047935231862704
SWITZERLAND	44350	05/20/2021	06/19/2021	0.104	2.65e-05	0.237	0.079	0.0001073678248828342	0.018526093755368764	2756	468	57	216	61.69	0.05969005817131212	0.07114747874769212	0.8691624630809958
SWITZERLAND	44357	05/27/2021	06/26/2021	0.128	2.05e-05	0.271	0.08	0.00013532781883145745	0.01884174907310678	2098	288	76	479	41.85	0.06454357883582584	0.12483613436623281	0.8106202867979414
SWITZERLAND	44364	06/03/2021	07/03/2021	0.142	1.71e-05	0.307	0.08	0.00016939925674933998	0.019032083282453916	1464	209	108	1097	26.31	0.07836337501987312	0.25721662210392976	0.6644200028761971
SWITZERLAND	44371	06/10/2021	07/10/2021	0.149	1.82e-05	0.343	0.08	0.0002203434782680026	0.019133462278160276	936	169	131	2054	21.18	0.08338724366651629	0.5338269191045879	0.3827858372288958
SWITZERLAND	44378	06/17/2021	07/17/2021	0.143	1.74e-05	0.38	0.08	0.00031534468027513707	0.01918307562704058	551	126	180	3008	25.93	0.05851047265512327	0.771016716819825	0.17047281052505175
SWITZERLAND	44385	06/24/2021	07/24/2021	0.127	2.19e-05	0.415	0.08	0.0004986953179355933	0.0192091000980064	323	77	377	3947	40.12	0.03530230567126276	0.8836132605813792	0.081084433747358
IRELAND	44311	04/11/2021	05/11/2021	0.036	0.0001007	0.089	0.049	2.677880743002344e-05	0.02334236214629449	1429	1771	16	57	83.48	0.07860971355919344	0.024084992365305473	0.8973052940755011
IRELAND	44318	04/18/2021	05/18/2021	0.026	5.91e-05	0.102	0.05	4.091202709431568e-05	0.023871494300346054	1627	1811	28	68	85.8	0.07977943873188875	0.028084412437451384	0.8921361488306598
IRELAND	44325	04/25/2021	05/25/2021	0.022	4.15e-05	0.118	0.05	5.787890533920622e-05	0.024415157225470937	1791	1758	46	87	86.62	0.07116634475914119	0.02908037511595657	0.8997532801249023
IRELAND	44332	05/02/2021	06/01/2021	0.041	3.29e-05	0.139	0.051	7.787903015136242e-05	0.024956249059365252	1605	1388	50	147	86.14	0.05933566911562005	0.0335347872654779	0.9071295436189021
IRELAND	44339	05/09/2021	06/08/2021	0.077	2.83e-05	0.163	0.052	0.0001054556918911799	0.025480069527424327	1715	896	55	290	84.14	0.05839249378195965	0.04225593812274752	0.8993515680952928
IRELAND	44346	05/16/2021	06/15/2021	0.105	2.15e-05	0.189	0.052	0.00015431778557074954	0.02597169492593614	1823	725	65	598	79.89	0.05934146853525102	0.07927465405761404	0.861383877407135
IRELAND	44353	05/23/2021	06/22/2021	0.12	1.84e-05	0.223	0.053	0.0002409882962971052	0.026397820977710713	1777	626	79	1031	74.31	0.05140821971800014	0.2051369412205948	0.7434548390614051
IRELAND	44360	05/30/2021	06/29/2021	0.128	1.28e-05	0.261	0.053	0.00038226628368419194	0.02673672510051579	1545	490	124	1794	69.88	0.03140488414227838	0.4128638290468826	0.5557312868108389
IRELAND	44367	06/06/2021	07/06/2021	0.121	1.02e-05	0.306	0.054	0.0006014704149365491	0.02698492609229898	1011	283	236	2491	69.62	0.019394665578265913	0.5856666616653906	0.3949386727563435
IRELAND	44374	06/13/2021	07/13/2021	0.111	1.09e-05	0.359	0.054	0.000928278491967622	0.027148675050511106	745	155	494	2888	76.82	0.009715742553957268	0.7563918744845913	0.2338923829614514
IRELAND	44381	06/20/2021	07/20/2021	0.106	1.45e-05	0.412	0.055	0.0014002490071756035	0.02725796288057307	662	102	886	3205	102.07	0.0037688259423185877	0.8821145942148853	0.11411657984279616
IRELAND	44388	06/27/2021	07/27/2021	0.104	2.49e-05	0.461	0.056	0.002153680983114053	0.02733323679592563	536	53	1538	3400	144.49	0.0009914181820978446	0.9441448321135744	0.054863749704327794
NETHERLANDS	44341	05/11/2021	06/10/2021	0.099	2.22e-05	0.143	0.093	0.00019477581781739497	0.03574003111003002	5270	2920	58	626	201.49	0.03583846521539935	0.03802914041555312	0.9261323943690475
NETHERLANDS	44348	05/18/2021	06/17/2021	0.099	1.35e-05	0.185	0.094	0.0002610539641241311	0.036867937846033434	4777	2135	100	880	145.97	0.036240188246537075	0.08535569164388124	0.8784041201095817
NETHERLANDS	44355	05/25/2021	06/24/2021	0.113	8.4e-06	0.22	0.095	0.00034432703804765483	0.03764515412131745	4276	1422	159	1560	103.39	0.03730426389335817	0.15850646038931784	0.804189275717324
NETHERLANDS	44362	06/01/2021	07/01/2021	0.121	4.9e-06	0.257	0.095	0.00044657600609405193	0.03815402183991844	3762	952	321	3057	71.18	0.03368160664445763	0.2609484537886732	0.7053699395668691
NETHERLANDS	44369	06/08/2021	07/08/2021	0.123	4.5e-06	0.293	0.096	0.0005793452620951576	0.038446889396921556	3123	666	565	4755	56.99	0.02800093616881183	0.4697017007738149	0.5022973630573733
NETHERLANDS	44376	06/15/2021	07/15/2021	0.12	4.5e-06	0.331	0.096	0.0009784304495533576	0.038631088235037296	2364	468	789	5801	136.19	0.014285716156657913	0.72522686351219	0.2604874203311521
NETHERLANDS	44383	06/22/2021	07/22/2021	0.113	6.7e-06	0.372	0.098	0.0021405784558789563	0.03880155368074549	1603	237	1282	5619	256.2	0.007268890417981899	0.8606194636635169	0.13211164591850116
NETHERLANDS	44390	06/29/2021	07/29/2021	0.102	1.33e-05	0.413	0.1	0.003974441777670344	0.03896696891554328	1067	93	2565	4742	318.47	0.003906492571315576	0.9160306480202745	0.08006285940840997
NY	44327	04/27/2021	05/27/2021	0.054	4.46e-05	0.4		0.0002705345025233784	0.036431104118977244	1972	806	38	78		0.41321624462032613	0.025309728834706037	0.5614740265449678
NY	44334	05/04/2021	06/03/2021	0.065	3.52e-05	0.428		0.00035619254894432735	0.03821895129768413	1751	498	55	110		0.40617388904205465	0.03299694110779632	0.5608291698501491
NY	44341	05/11/2021	06/10/2021	0.083	3.02e-05	0.452		0.0004513067144725286	0.039545673688493065	1557	294	67	151		0.40471308507967396	0.048813836598125375	0.5464730783222007
NY	44348	05/18/2021	06/17/2021	0.099	2.78e-05	0.471		0.0005632144668272482	0.04047033647810534	1214	197	68	212		0.3891837931242035	0.09940255204431428	0.5114136548314823
NY	44355	05/25/2021	06/24/2021	0.116	2.81e-05	0.489		0.0006975263291686132	0.04106793952848661	893	121	73	320		0.37346902036796553	0.19707147638085676	0.4294595032511777
NY	44362	06/01/2021	07/01/2021	0.125	2.86e-05	0.506		0.0008576396050419058	0.041417327038217454	581	83	99	606		0.3292041686566022	0.33014488835598976	0.34065094298740806
NY	44369	06/08/2021	07/08/2021	0.124	3.06e-05	0.522		0.0010488251786031947	0.04160842045362834	338	68	138	1144		0.2658117646484248	0.5098637427792184	0.22432449257235676
NY	44376	06/15/2021	07/15/2021	0.128	3.44e-05	0.536		0.001284607828215883	0.041708870896962624	220	50	192	1998		0.2055225042147234	0.6865962841348575	0.1078812116504191
NY	44383	06/22/2021	07/22/2021	0.123	4.1e-05	0.546		0.0016116034388645732	0.041758655828637324	141	41	278	3184		0.13141432265400702	0.8136024208730989	0.05498325647289413
USA	44325	04/25/2021	05/25/2021	0.068	1.8e-06	0.382	0.096	0.00013781012042468136	0.007676582256820733	53446	20016	842	2406	111.38	0.29587121181811415	0.023245427793411266	0.6808833603884745
USA	44332	05/02/2021	06/01/2021	0.082	1.4e-06	0.406	0.096	0.0001594682621670151	0.00815748948952186	48372	14472	1092	3829	91.25	0.2967384486152942	0.03694805144594892	0.6663134999387569
USA	44339	05/09/2021	06/08/2021	0.096	1.1e-06	0.426	0.097	0.0001887366138849083	0.008529977789811514	41022	11256	1321	6444	71.07	0.2974746644773091	0.06835630557184263	0.6341690299508483
USA	44346	05/16/2021	06/15/2021	0.104	9e-07	0.443	0.097	0.00023151925834404588	0.008807258435006645	31279	9471	1604	10882	56.71	0.29319409068478197	0.13501210674858766	0.5717938025666304
USA	44353	05/23/2021	06/22/2021	0.105	7e-07	0.458	0.098	0.0002931207064182678	0.009005401941094742	22128	7738	2144	17248	46.05	0.27349999919952267	0.24684912005589194	0.47965088074458534
USA	44360	05/30/2021	06/29/2021	0.103	6e-07	0.47	0.098	0.0003791519316281364	0.009142844758009323	15805	6079	3331	28282	39.91	0.23532809347500866	0.39048495819708545	0.37418694832790583
USA	44367	06/06/2021	07/06/2021	0.101	6e-07	0.481	0.098	0.0004995611426797097	0.00923622165515231	11967	4679	5529	45386	39.08	0.18753379681347837	0.5435733867840409	0.26889281640248075
USA	44374	06/13/2021	07/13/2021	0.102	6e-07	0.49	0.098	0.0006921458626865441	0.009303017787953038	9939	3581	9416	71374	57.81	0.13583993004989725	0.6973621413973929	0.1667979285527098
USA	44381	06/20/2021	07/20/2021	0.102	6e-07	0.496	0.099	0.001039214196463692	0.009353547531352398	8243	2713	15153	104883	72.71	0.09354163549686491	0.8133151621529904	0.09314320235014471
USA	44388	06/27/2021	07/27/2021	0.099	8e-07	0.502	0.1	0.0015433482136607258	0.009392447736878768	6526	1869	24516	136072	101.88	0.060937978306860555	0.8897207716320956	0.049341250061043826
CANADA	44309	04/09/2021	05/09/2021	0.05	9.6e-06	0.027	0.03	8.738065844747366e-05	0.004334441210335217	6577	6978	133	626	211.89	0.3703336751606303	0.031362666665329386	0.5983036581740403
CANADA	44316	04/16/2021	05/16/2021	0.039	5.8e-06	0.03	0.031	0.0001386590698751967	0.005202314827853716	7341	5764	271	687	202.71	0.3438877736679452	0.04172573835263951	0.6143864879794153
CANADA	44323	04/23/2021	05/23/2021	0.037	4.8e-06	0.034	0.033	0.00020055411584277375	0.006023294167998913	7995	4543	404	702	180.64	0.3299476809314328	0.05329826176649553	0.6167540573020717
CANADA	44330	04/30/2021	05/30/2021	0.04	4.1e-06	0.038	0.034	0.00026864719338941056	0.006746067328611535	7863	3582	514	785	152.63	0.31503056211103253	0.07046174012822001	0.6145076977607474
CANADA	44337	05/07/2021	06/06/2021	0.046	3.6e-06	0.045	0.035	0.00033820414224374596	0.007334517296219176	7257	2940	604	976	119.18	0.3121586177019514	0.08906744803254471	0.5987739342655038
CANADA	44344	05/14/2021	06/13/2021	0.048	3.2e-06	0.059	0.035	0.00040573908916745934	0.007769478867442988	6122	2504	674	1167	85.57	0.30168522452381075	0.119516657538331	0.5787981179378583
CANADA	44351	05/21/2021	06/20/2021	0.05	3.2e-06	0.085	0.036	0.0004688829256010919	0.0080663416546483	4874	1966	698	1256	59.04	0.27383014392368765	0.17383803079949645	0.5523318252768159
CANADA	44358	05/28/2021	06/27/2021	0.051	3.5e-06	0.126	0.036	0.0005273057629722082	0.008260207268041185	3831	1359	747	1207	39.98	0.24341672126331892	0.2330477441231207	0.5235355346135604
CANADA	44365	06/04/2021	07/04/2021	0.057	3.8e-06	0.183	0.037	0.0005815645606674526	0.00838638850009152	3084	755	917	1224	28.33	0.21000704447054058	0.2998191820542185	0.490173773475241
CANADA	44372	06/11/2021	07/11/2021	0.075	4.8e-06	0.254	0.037	0.0006324890745020336	0.008468151240726708	2630	453	1117	1830	20.62	0.19174109861199118	0.3694651123222267	0.43879378906578215
CANADA	44379	06/18/2021	07/18/2021	0.093	5.2e-06	0.331	0.037	0.0006839452867183349	0.00852022601074093	2132	342	1248	3219	15.74	0.17741445849059018	0.48609353437685876	0.33649200713255106
CANADA	44386	06/25/2021	07/25/2021	0.104	5.8e-06	0.405	0.037	0.0007363194926106292	0.008551121714475132	1537	308	1231	5489	12.91	0.13619510324468492	0.6736383081268773	0.19016658862843777
CANADA	44393	07/02/2021	08/01/2021	0.104	6.7e-06	0.472	0.037	0.0007966593589013388	0.00856885765263735	909	289	1181	8592	12.86	0.08021423094301358	0.8224522749307389	0.0973334941262475
CANADA	44400	07/09/2021	08/08/2021	0.09	7.1e-06	0.527	0.037	0.0008766315058159826	0.0085785474931709	507	253	1574	11732	15.7	0.04404800887289366	0.9010570575991922	0.05489493352791415
CANADA	44407	07/16/2021	08/15/2021	0.075	9.8e-06	0.569	0.037	0.0009932368761553236	0.008584504894860975	364	199	2755	14461	22.53	0.02413613613757208	0.9418805759316948	0.03398328793073309
SPAIN	44330	04/30/2021	05/30/2021	0.062	2.6e-05	0.14	0.076	9.368831372515022e-05	0.017757693600050792	4256	3582	52	276	114.87	0.10217242208473576	0.0264155112369201	0.8714120666783441
SPAIN	44337	05/07/2021	06/06/2021	0.062	1.86e-05	0.17	0.077	0.00011783606647984535	0.018400462757935762	4362	3272	80	384	102.18	0.11574045472166661	0.039294505833520774	0.8449650394448126
SPAIN	44344	05/14/2021	06/13/2021	0.068	1.22e-05	0.197	0.078	0.0001505222817134031	0.018959746558036825	4161	2804	117	613	91.64	0.12743743438974842	0.05884823599201112	0.8137143296182404
SPAIN	44351	05/21/2021	06/20/2021	0.087	8e-06	0.227	0.078	0.00019632286960241148	0.01944661080367945	3860	2279	169	1340	84.36	0.1380115909605204	0.08579723319442714	0.7761911758450525
SPAIN	44358	05/28/2021	06/27/2021	0.095	5.8e-06	0.262	0.079	0.0002695240510309202	0.019860244921944336	3662	2090	247	2458	80.12	0.1520266474687867	0.13777693046944173	0.7101964220617716
SPAIN	44365	06/04/2021	07/04/2021	0.098	4.7e-06	0.303	0.08	0.0004062882822762209	0.02021117121282512	3361	1811	350	3614	99.6	0.17127567058081716	0.2824745733064873	0.5462497561126956
SPAIN	44372	06/11/2021	07/11/2021	0.095	3.5e-06	0.348	0.08	0.0007535655182556094	0.020563272522962507	2970	1526	517	4615	162.4	0.18350172870416415	0.4241317743370539	0.392366496958782
SPAIN	44379	06/18/2021	07/18/2021	0.081	2.9e-06	0.396	0.082	0.0015196340724491044	0.020973720976568147	2386	1010	1074	5150	262.01	0.1662395525714303	0.5427442593823254	0.2910161880462443
SPAIN	44386	06/25/2021	07/25/2021	0.073	2.8e-06	0.446	0.084	0.002900460923439785	0.021451461754527137	2142	613	2122	5473	376.5	0.14159295390853854	0.6357452613214688	0.22266178476999265
SPAIN	44393	07/02/2021	08/01/2021	0.07	4.2e-06	0.492	0.087	0.004971866337747473	0.021963507854922903	1893	371	3290	5317	466.44	0.1033715477938261	0.7385103207452844	0.15811813146088946
SPAIN	44400	07/09/2021	08/08/2021	0.076	7.7e-06	0.533	0.091	0.0075463888533694465	0.022429273334648555	1622	183	4380	4862	490.64	0.0696828235349011	0.8306991934701712	0.09961798299492772
SPAIN	44407	07/16/2021	08/15/2021	0.082	1.34e-05	0.567	0.094	0.010288907341235913	0.022776267640492735	1170	90	5022	4439	454.53	0.05023300702637269	0.88315837662592	0.0666086163477073
FINLAND	44317	04/17/2021	05/17/2021	0.097	0.0001155	0.033	0.016	3.080956796677719e-05	0.0056998986806099	774	686	11	171	39.12	0.11792101776774	0.07551972325397047	0.8065592589782895
FINLAND	44324	04/24/2021	05/24/2021	0.072	4.11e-05	0.043	0.016	5.7021858504906374e-05	0.005910262736864954	760	570	31	202	37.56	0.08530961230534351	0.12688071885500513	0.7878096688396513
FINLAND	44331	05/01/2021	05/31/2021	0.055	2.97e-05	0.055	0.016	9.339886913062629e-05	0.006104273596570337	758	429	64	188	33.95	0.06339909082895867	0.17877135723741075	0.7578295519336306
FINLAND	44338	05/08/2021	06/07/2021	0.054	1.87e-05	0.071	0.017	0.0001363157831288784	0.006273305567205843	751	312	113	233	29.83	0.04797366589144758	0.24249061913831774	0.7095357149702347
FINLAND	44345	05/15/2021	06/14/2021	0.079	1.56e-05	0.089	0.017	0.00018395871916380703	0.006410089966470518	711	218	158	513	24.68	0.03973662717499704	0.2866353800454018	0.6736279927796012
FINLAND	44352	05/22/2021	06/21/2021	0.095	1.75e-05	0.11	0.017	0.0002356632010289475	0.006508544635622837	607	146	198	830	19.06	0.031619152102683845	0.3833396023197715	0.5850412455775447
FINLAND	44359	05/29/2021	06/28/2021	0.12	2.29e-05	0.132	0.017	0.0002952663745497507	0.006569865589647636	469	81	194	1213	17.77	0.023019566522239132	0.6532794671456114	0.3237009663321495
FINLAND	44366	06/05/2021	07/05/2021	0.143	4.19e-05	0.156	0.017	0.0003866520159473882	0.006607721507761031	341	37	201	1587	20.83	0.01913133912482881	0.818580131136105	0.16228852973906624
FINLAND	44373	06/12/2021	07/12/2021	0.13	5.93e-05	0.182	0.017	0.0005213418710868552	0.006627954205522478	242	24	416	1983	26.66	0.017709542059592895	0.9108710424212592	0.07141941551914795
CA	44310	04/10/2021	05/10/2021	0.045	2.17e-05	0.277		0.0003398644299476544	0.01856098827866002	3192	3051	68	248		0.40756635208507785	0.03324222324428757	0.5591914246706345
CA	44317	04/17/2021	05/17/2021	0.035	1.34e-05	0.312		0.00042913977464873804	0.020109061603082182	3234	2531	121	271		0.3930502668091512	0.04077370346125332	0.5661760297295955
CA	44324	04/24/2021	05/24/2021	0.04	9.7e-06	0.345		0.0005300689825192105	0.021468604229801656	3333	1942	189	369		0.38169446161433496	0.04568508134049955	0.5726204570451655
CA	44331	05/01/2021	05/31/2021	0.06	8.2e-06	0.376		0.00064884721322636	0.02266098801071108	3290	1502	232	635		0.3679689048897802	0.05827652013274514	0.5737545749774747
CA	44338	05/08/2021	06/07/2021	0.08	7.5e-06	0.402		0.0008186028808831651	0.023716904900728045	3130	1303	245	1115		0.355053257236814	0.09449987001371565	0.5504468727494704
CA	44345	05/15/2021	06/14/2021	0.094	6.1e-06	0.425		0.0010732777559307163	0.02461099938424805	2707	1212	262	1939		0.3373951315263639	0.181574723319542	0.48103014515409415
CA	44352	05/22/2021	06/21/2021	0.097	5.1e-06	0.445		0.0014211093830634321	0.025307630283618165	2097	1138	326	3203		0.29681188448291135	0.3082315132821401	0.3949566022349486
CA	44359	05/29/2021	06/28/2021	0.096	4.1e-06	0.461		0.0018882669568723968	0.02583581623576401	1607	1010	540	5992		0.2462637372694801	0.44861390194298223	0.3051223607875377
CA	44366	06/05/2021	07/05/2021	0.097	3.4e-06	0.477		0.0025240509452251775	0.026215528801628318	1337	855	950	11139		0.19713815001340293	0.5787907902687683	0.22407105971782873
CA	44373	06/12/2021	07/12/2021	0.1	3.1e-06	0.49		0.0034053851809704625	0.026462206089420254	1234	708	1665	18941		0.14028753267932784	0.7228565405084169	0.1368559268122553
CA	44380	06/19/2021	07/19/2021	0.101	3.4e-06	0.501		0.004773435504519994	0.026637549643769774	1163	566	2772	27700		0.0959409449675816	0.8327697711889736	0.07128928384344485
CA	44387	06/26/2021	07/26/2021	0.097	4.2e-06	0.509		0.007086434799928803	0.026772791535861405	1051	388	4950	33406		0.06405932176882254	0.8989326705666559	0.037008007664521524
NORWAY	44335	05/05/2021	06/04/2021	0.067	5.17e-05	0.14	0.022	2.672527303055882e-05	0.009805700306758262	2671	1666	29	132	71.85	0.007962897721003892	0.01865739719081	0.9733797050881862
NORWAY	44342	05/12/2021	06/11/2021	0.074	3.51e-05	0.172	0.023	3.975209218379016e-05	0.010260864492977095	2606	1435	39	197	61.6	0.007550660528364839	0.027687963920780604	0.9647613755508545
NORWAY	44349	05/19/2021	06/18/2021	0.088	3.17e-05	0.206	0.023	5.730232862916889e-05	0.010645297360279969	2363	1156	44	296	55.42	0.008614256312765578	0.0658748009830906	0.9255109427041438
NORWAY	44356	05/26/2021	06/25/2021	0.099	2.29e-05	0.237	0.023	8.298164234582625e-05	0.010957023386927807	2095	923	54	453	42.65	0.010697813594576444	0.11237050691032165	0.8769316794951019
NORWAY	44363	06/02/2021	07/02/2021	0.09	1.48e-05	0.26	0.024	0.00012276032579736093	0.011187256228431844	1757	694	111	655	36.59	0.011026561007065117	0.1869766705697202	0.8019967684232147
NORWAY	44370	06/09/2021	07/09/2021	0.095	1.09e-05	0.277	0.024	0.000183129828964614	0.011363987348887303	1499	445	179	904	33.48	0.011026757665037135	0.3068181834769057	0.6821550588580572
NORWAY	44377	06/16/2021	07/16/2021	0.099	1.06e-05	0.288	0.024	0.0002695231910829779	0.011504573726387883	1237	278	262	1136	32.61	0.014257455632909033	0.452868064589682	0.532874479777409
NORWAY	44384	06/23/2021	07/23/2021	0.1	1.09e-05	0.298	0.024	0.0003858779091514811	0.011612192496422492	983	172	404	1431	33.1	0.015070719303848401	0.6365034839024817	0.3484257967936699
NORWAY	44391	06/30/2021	07/30/2021	0.103	1.45e-05	0.308	0.025	0.0005428161255101795	0.011687069298827244	767	108	590	1811	36.99	0.013928208004605702	0.7767375329297358	0.2093342590656585
NORWAY	44398	07/07/2021	08/06/2021	0.098	1.88e-05	0.32	0.025	0.0007667231692940652	0.011736229199247765	508	72	833	2192	45.05	0.00831723623475944	0.8745180551555024	0.11716470860973816
NORWAY	44405	07/14/2021	08/13/2021	0.104	3.94e-05	0.338	0.025	0.00108222655033346	0.011768543423438227	318	34	1070	2582	59.1	0.0019159227799895248	0.9366813778971141	0.06140269932289633
