time_cut_off	date_cut_off	data_points	gamma_inf_new	b_new
44689	2022-05-09	2	0.6700304641644428	2.4050772251855514
44690	2022-05-10	3	0.6832530113929401	2.452539615179799
44691	2022-05-11	4	0.695956168954377	2.498137653736232
44692	2022-05-12	5	0.7068475128579654	2.5372321793961214
44693	2022-05-13	8	0.7208426249867628	2.58746769441388
44694	2022-05-14	8	0.7335751499841153	2.633171147507503
44695	2022-05-15	9	0.7467538602331268	2.6804761844758493
44696	2022-05-16	12	0.7542443071749625	2.707363175903523
44697	2022-05-17	14	0.7668842525953914	2.752734314208663
44698	2022-05-18	15	0.7781525568371603	2.793181940619406
44699	2022-05-19	16	0.7903178456382735	2.8368492969534924
44700	2022-05-20	19	0.8040805527012962	2.8862505929907614
44701	2022-05-21	19	0.8163222654264042	2.9301922733278443
44702	2022-05-22	21	0.8295868580223577	2.977805585348927
44703	2022-05-23	25	0.8379117919002117	3.0076879712129356
44704	2022-05-24	27	0.8490933383498386	3.047824180156641
44705	2022-05-25	28	0.8596475757262623	3.085708660491268
44706	2022-05-26	29	0.8718598617285336	3.1295447134805037
44707	2022-05-27	32	0.8835792524281727	3.171611516666688
44708	2022-05-28	33	0.8969525578124227	3.21961505370768
44709	2022-05-29	35	0.9090105987329782	3.2628974433144697
44710	2022-05-30	39	0.9162921916248918	3.289034752234078
44711	2022-05-31	41	0.9263089992161196	3.324990126049462
44712	2022-06-01	42	0.9362590893974722	3.360706017435917
44713	2022-06-02	43	0.9467868102083428	3.3984953164447496
44714	2022-06-03	46	0.9556233595324715	3.430214148147713
44715	2022-06-04	47	0.9677295245639759	3.47366927945718
44716	2022-06-05	49	0.9779623502577236	3.51040005117816
44717	2022-06-06	53	0.9854247873947619	3.537186501291367
44718	2022-06-07	55	0.9940318185538808	3.5680814765565194
44719	2022-06-08	56	1.0033203524092973	3.6014227086733093
44720	2022-06-09	57	1.0122170971259807	3.633357611996054
44721	2022-06-10	60	1.0185711132254693	3.656165380040451
44722	2022-06-11	61	1.0293220145112012	3.6947557863211213
44723	2022-06-12	63	1.0376379124855375	3.7246057377706934
44724	2022-06-13	67	1.0443930102018517	3.748853189999109
44725	2022-06-14	69	1.05266783938188	3.7785557248353494
44726	2022-06-15	70	1.0610255300468583	3.808555691327249
44727	2022-06-16	71	1.0689989336328614	3.8371762577007837
44728	2022-06-17	74	1.074125703183547	3.8555788189940303
44729	2022-06-18	75	1.0840061462195316	3.8910447116534392
44730	2022-06-19	77	1.0907827028717412	3.915369190824298
44731	2022-06-20	81	1.0970735819170156	3.9379503281417696
44732	2022-06-21	83	1.105478633963879	3.9681202985171
44733	2022-06-22	84	1.113793253253915	3.9979656601238918
44734	2022-06-23	85	1.1215220729838797	4.025708291697045
44735	2022-06-24	88	1.127063513891688	4.045599317605399
44736	2022-06-25	89	1.1361390284614323	4.078175916082531
44737	2022-06-26	91	1.142854155681328	4.1022798940426
44738	2022-06-27	95	1.1480911672929701	4.121078169686529
44739	2022-06-28	97	1.1562971279990462	4.150533500840109
44740	2022-06-29	98	1.1643297294141908	4.179366558075275
44741	2022-06-30	99	1.171967337797321	4.206781786127718
44742	2022-07-01	102	1.1780144202510217	4.22848781453398
44743	2022-07-02	103	1.1860480922991816	4.257324714810947
44744	2022-07-03	105	1.1925735897471597	4.280748015891309
44745	2022-07-04	109	1.1970826850948522	4.296933432983424
44746	2022-07-05	111	1.204704250984661	4.3242910764372775
44747	2022-07-06	112	1.2126476302567413	4.352803870407198
44748	2022-07-07	113	1.2203804156199423	4.380560736637863
44749	2022-07-08	116	1.2265987893286474	4.4028816157387105
44750	2022-07-09	117	1.2338636129318916	4.428958731224709
44751	2022-07-10	119	1.2405751603038873	4.453049859305385
44752	2022-07-11	123	1.2443402463619808	4.466564651861089
44753	2022-07-12	125	1.2511481090009875	4.491001504005842
44754	2022-07-13	126	1.2589898431992526	4.519149442547301
44755	2022-07-14	127	1.2666782151054599	4.546746886483578
44756	2022-07-15	129	1.272721212200633	4.5684382504778815
44757	2022-07-16	130	1.2800963808732675	4.594911450063776
44758	2022-07-17	132	1.2868196455464556	4.6190446374473435
44759	2022-07-18	135	1.2904142718746185	4.631947564071282
44760	2022-07-19	137	1.2972862020922635	4.656614387064373
44761	2022-07-20	138	1.3047859624110152	4.683534808898435
44762	2022-07-21	139	1.3126487397013225	4.711758281709043
44763	2022-07-22	141	1.3192244364190624	4.735361773283543
44764	2022-07-23	142	1.3275681819636596	4.765311683706018
44765	2022-07-24	144	1.334999158068871	4.7919852043105315
44766	2022-07-25	147	1.3391229962315199	4.806787739084388
44767	2022-07-26	148	1.3474646182427803	4.836730027074842
44768	2022-07-27	148	1.3562023982205371	4.8680943257853375
44769	2022-07-28	149	1.363951725788777	4.895910570331947
44770	2022-07-29	150	1.3731355670719072	4.92887600801144
44771	2022-07-30	151	1.3816824769899978	4.9595551778240345
44772	2022-07-31	153	1.3895298706970178	4.987723431196446
44773	2022-08-01	156	1.3944577427867417	5.005412049200408
44774	2022-08-02	157	1.4025445782909767	5.034439779930998
44775	2022-08-03	157	1.4112116082711041	5.0655501212215235
44776	2022-08-04	157	1.4198786382512318	5.096660462512049
44777	2022-08-05	157	1.4285456682313593	5.127770803802575
44778	2022-08-06	158	1.4372053610911493	5.158854808468177
44779	2022-08-07	159	1.4451481783847147	5.187365585213808
44780	2022-08-08	161	1.450874271306133	5.207919420317071
44781	2022-08-09	162	1.458553361750146	5.235483548404989
44782	2022-08-10	162	1.4671702796184272	5.266414012055089
44783	2022-08-11	162	1.4757871974867083	5.297344475705188
44784	2022-08-12	162	1.4844041153549896	5.328274939355287
44785	2022-08-13	162	1.4930210332232707	5.359205403005387
44786	2022-08-14	163	1.50091426397542	5.3875381886479055
44787	2022-08-15	164	1.5065415618879014	5.407737398642814
44788	2022-08-16	164	1.5151209716039409	5.438533226619551
44789	2022-08-17	164	1.5237003813199803	5.469329054596289
44790	2022-08-18	164	1.5322797910360195	5.500124882573027
44791	2022-08-19	164	1.5408592007520592	5.530920710549766
44792	2022-08-20	164	1.5494386104680986	5.561716538526503
44793	2022-08-21	164	1.558018020184138	5.592512366503241
44794	2022-08-22	165	1.564177536257925	5.614621975871083
44795	2022-08-23	165	1.5727341167886604	5.645335858389247
44796	2022-08-24	165	1.5812906973193956	5.676049740907411
44797	2022-08-25	165	1.5898472778501307	5.706763623425574
44798	2022-08-26	165	1.5984038583808657	5.737477505943737
44799	2022-08-27	165	1.6069604389116012	5.768191388461902
44800	2022-08-28	165	1.615517019442336	5.798905270980064
44801	2022-08-29	166	1.6221415345523684	5.822683996383102
44802	2022-08-30	166	1.6306810171590262	5.853336505829449
44803	2022-08-31	166	1.6392204997656847	5.883989015275798
44804	2022-09-01	166	1.6477599823723426	5.914641524722145
44805	2022-09-02	166	1.6562994649790008	5.945294034168494
44806	2022-09-03	166	1.6648389475856589	5.9759465436148425
44807	2022-09-04	166	1.6733784301923171	6.006599053061191
44808	2022-09-05	165	1.6773070628718374	6.020700896916032
44809	2022-09-06	164	1.673775410592648	6.008024015911008
44810	2022-09-07	163	1.6725852729249757	6.003752011647854
44811	2022-09-08	162	1.6719651576082033	6.001526105058341
44812	2022-09-09	159	1.6648838297668986	5.976107648396923
44813	2022-09-10	159	1.6648838297668986	5.976107648396923
44814	2022-09-11	158	1.6638225602590098	5.9722982169460845
44815	2022-09-12	155	1.6577374438423915	5.950455665466785
44816	2022-09-13	154	1.6512948155425085	5.927329823548973
44817	2022-09-14	153	1.6498026286148844	5.921973612171594
44818	2022-09-15	152	1.6475919076808998	5.914038219896263
44819	2022-09-16	150	1.637847654555589	5.879061181505398
44820	2022-09-17	150	1.637847654555589	5.879061181505398
44821	2022-09-18	148	1.6346044024262179	5.8674195140752285
44822	2022-09-19	145	1.6249704626437713	5.83283844590176
44823	2022-09-20	145	1.618851966872197	5.810876079084665
44824	2022-09-21	146	1.6189075011426017	5.811075419586495
44825	2022-09-22	145	1.615803389450542	5.799933197352891
44826	2022-09-23	144	1.6091398356681021	5.776014342467792
44827	2022-09-24	143	1.6039873183133755	5.7575193593214955
44828	2022-09-25	142	1.6012121624753302	5.747557925536919
44829	2022-09-26	139	1.5911203805399297	5.711333430991528
44830	2022-09-27	140	1.5853228033652034	5.690523002854386
44831	2022-09-28	141	1.5866116951718032	5.695149485522823
44832	2022-09-29	141	1.5886822311356659	5.702581683246584
44833	2022-09-30	140	1.5852036410015116	5.690095269038772
44834	2022-10-01	139	1.579551291027779	5.669806134562543
44835	2022-10-02	138	1.578243641669103	5.6651123215804695
44836	2022-10-03	135	1.5676903387189929	5.627231195373104
44837	2022-10-04	136	1.5629982849117057	5.61038904810548
44838	2022-10-05	137	1.5670360356881967	5.624882571837455
44839	2022-10-06	137	1.5724133219939203	5.644184364097492
44840	2022-10-07	136	1.575554185295325	5.655458506390484
44841	2022-10-08	135	1.5708888088444706	5.638712117608208
44842	2022-10-09	134	1.5738159439410702	5.649219081593274
44843	2022-10-10	131	1.5669276862508137	5.624493651067208
44844	2022-10-11	132	1.5626815932168832	5.6092522819084785
44845	2022-10-12	133	1.5710826472541686	5.63940790141128
44846	2022-10-13	133	1.5800690734622262	5.671664716831998
44847	2022-10-14	132	1.5902060871369799	5.7080515708998165
44848	2022-10-15	131	1.5867053710698946	5.69548573556084
44849	2022-10-16	130	1.5955240070492205	5.7271402672357965
44850	2022-10-17	127	1.5942113240286993	5.722428385902937
44851	2022-10-18	128	1.5908821455125937	5.710478285339006
44852	2022-10-19	129	1.6021186331239765	5.750811705818502
44853	2022-10-20	129	1.6137826695598054	5.7926798146373
44854	2022-10-21	128	1.6276421610830107	5.842428518909547
44855	2022-10-22	127	1.6265080353060268	5.838357569568279
44856	2022-10-23	126	1.6397976601687974	5.886060735018476
44857	2022-10-24	123	1.6487106220369583	5.918053849876013
44858	2022-10-25	124	1.6516186894502436	5.928492370330032
44859	2022-10-26	125	1.6661202221599904	5.980545684195378
44860	2022-10-27	125	1.6794226472033877	6.028294795948842
44861	2022-10-28	124	1.6972725175375107	6.092366982079438
44862	2022-10-29	123	1.7014318960524324	6.107297089100228
44863	2022-10-30	122	1.719775580031308	6.1731418214268565
44864	2022-10-31	119	1.7424374490315249	6.254486697410262
44865	2022-11-01	120	1.7565452150241545	6.30512658395547
44866	2022-11-02	121	1.7732171968096202	6.364970734088159
44867	2022-11-03	121	1.7883858352860875	6.419418626964671
44868	2022-11-04	120	1.8131348594005265	6.50825535518334
44869	2022-11-05	119	1.8242040440962617	6.547988241129479
44870	2022-11-06	118	1.8462497445937416	6.627121377629281
44871	2022-11-07	115	1.8867850866593217	6.772623161848314
44872	2022-11-08	116	1.9156017756234538	6.876060790493032
44873	2022-11-09	117	1.9327325420849708	6.937551750188344
44874	2022-11-10	117	1.9490890210548755	6.99626340161124
44875	2022-11-11	117	1.9822930061201292	7.115449248430055
44876	2022-11-12	116	1.9976113900565928	7.1704346532775505
44877	2022-11-13	115	2.0229499393803616	7.261387484763852
44878	2022-11-14	113	2.079189554822965	7.463259825632524
44879	2022-11-15	114	2.114641191923839	7.590513629074406
44880	2022-11-16	115	2.1316895698831315	7.651708854887582
44881	2022-11-17	115	2.145613275130694	7.701688054598852
44882	2022-11-18	115	2.180568154624408	7.8271587444790125
44883	2022-11-19	114	2.193198581672079	7.872495716544309
44884	2022-11-20	113	2.213223372369074	7.944374788646663
44885	2022-11-21	111	2.2779740345921873	8.176797568441751
44886	2022-11-22	113	2.2971929951574603	8.245784109829716
44887	2022-11-23	115	2.2995313028711686	8.254177475398143
44888	2022-11-24	115	2.3122737531143995	8.29991655520442
44889	2022-11-25	116	2.3178575920617606	8.319959769057613
44890	2022-11-26	115	2.33050317907147	8.365351157871675
44891	2022-11-27	114	2.344193668601887	8.414493228765881
44892	2022-11-28	112	2.403374687710662	8.626923750711304
44893	2022-11-29	114	2.418370041305971	8.680749636763599
44894	2022-11-30	116	2.4169227003455953	8.675554400178022
44895	2022-12-01	117	2.4165724686362857	8.674297241955152
44896	2022-12-02	119	2.4128371575429486	8.66088932676316
44897	2022-12-03	118	2.4233844189518705	8.698748766832516
44898	2022-12-04	118	2.431661612341024	8.728459788007553
44899	2022-12-05	117	2.4696101182242907	8.864676112654045
44900	2022-12-06	119	2.482957763296554	8.912587541895093
44901	2022-12-07	121	2.476573185233206	8.889670071550327
44902	2022-12-08	122	2.4745617829707696	8.882450134501488
44903	2022-12-09	124	2.4679820062031563	8.858831997570467
44904	2022-12-10	124	2.4679820062031563	8.858831997570467
44905	2022-12-11	124	2.4732921826505194	8.877892898706053
44906	2022-12-12	124	2.489150851524716	8.93481765865507
44907	2022-12-13	127	2.4703109147141147	8.867191624660306
44908	2022-12-14	129	2.463264335951048	8.841897899964277
44909	2022-12-15	130	2.4597091276832574	8.829136464637127
44910	2022-12-16	132	2.4517004832186795	8.800389400978784
44911	2022-12-17	132	2.4517004832186795	8.800389400978784
44912	2022-12-18	133	2.448878443653137	8.79025967785325
44913	2022-12-19	133	2.457872067764216	8.822542330177738
44914	2022-12-20	136	2.4400102938311674	8.758427416027738
44915	2022-12-21	138	2.4315392170614976	8.728020449626683
44916	2022-12-22	139	2.4269135306097613	8.71141652826649
44917	2022-12-23	141	2.4180765005527745	8.679695970970869
44918	2022-12-24	141	2.4180765005527745	8.679695970970869
44919	2022-12-25	142	2.4143568700269773	8.666344341243322
44920	2022-12-26	142	2.419741465311258	8.685672369113242
44921	2022-12-27	145	2.4026270007169215	8.6242399250401
44922	2022-12-28	147	2.394317942774835	8.59441452591563
44923	2022-12-29	148	2.3893676809620485	8.576645539904693
44924	2022-12-30	150	2.3799040609895994	8.54267583541979
44925	2022-12-31	150	2.3799040609895994	8.54267583541979
44926	2023-01-01	151	2.375658241870681	8.527435449480171
44927	2023-01-02	151	2.378258117490214	8.536767714168542
44928	2023-01-03	154	2.365339932001735	8.490397831945637
44929	2023-01-04	156	2.357779214906476	8.46325860550083
44930	2023-01-05	157	2.354098003555756	8.45004488156702
44931	2023-01-06	159	2.3446249536030246	8.416041328127443
44932	2023-01-07	159	2.3446249536030246	8.416041328127443
44933	2023-01-08	160	2.341135625797935	8.403516371003752
44934	2023-01-09	161	2.339630498801192	8.398113711192764
44935	2023-01-10	163	2.321480276978814	8.33296341210673
44936	2023-01-11	165	2.3145216779217335	8.307985490942723
44937	2023-01-12	166	2.310217670638351	8.292536238337165
44938	2023-01-13	167	2.3003618661218868	8.257158785749262
44939	2023-01-14	167	2.3003618661218868	8.257158785749262
44940	2023-01-15	168	2.2976981879606617	8.24759750156381
44941	2023-01-16	168	2.2882584338768384	8.213713463788501
44942	2023-01-17	169	2.275599613270629	8.168274572923037
44943	2023-01-18	169	2.26849237458033	8.14276310915801
44944	2023-01-19	170	2.2619662418381075	8.119337527686232
44945	2023-01-20	170	2.244456197289072	8.056485147668877
44946	2023-01-21	170	2.244456197289072	8.056485147668877
44947	2023-01-22	170	2.2372176928520124	8.030502504942792
44948	2023-01-23	170	2.226416471424703	7.991731474298082
44949	2023-01-24	170	2.22151913133776	7.9741524510490684
44950	2023-01-25	170	2.2134481175203926	7.945181512331357
44951	2023-01-26	170	2.198495312580229	7.891508354859217
44952	2023-01-27	170	2.1803073364509262	7.82622253652653
44953	2023-01-28	170	2.1803073364509262	7.82622253652653
44954	2023-01-29	170	2.1723457913666273	7.79764453629573
44955	2023-01-30	170	2.160677457021932	7.75576100011462
44956	2023-01-31	170	2.162812101447641	7.763423315437169
44957	2023-02-01	170	2.1517633594588963	7.72376380867546
44958	2023-02-02	170	2.1347344325683473	7.662638402556974
44959	2023-02-03	169	2.113824544575645	7.5875822699150905
44960	2023-02-04	169	2.113824544575645	7.5875822699150905
44961	2023-02-05	169	2.104591859142222	7.554441505948605
44962	2023-02-06	169	2.0913895663879467	7.507051819476459
44963	2023-02-07	168	2.0980016596595346	7.530785956637117
44964	2023-02-08	168	2.0830601584580672	7.477153373983514
44965	2023-02-09	168	2.067634599012446	7.421783262186173
44966	2023-02-10	167	2.0463616103529088	7.34542377814318
44967	2023-02-11	167	2.0463616103529088	7.34542377814318
44968	2023-02-12	167	2.0359873665466526	7.308185385500745
44969	2023-02-13	166	2.0246014394981926	7.267315551520847
44970	2023-02-14	163	2.0335536590875294	7.299449582136937
44971	2023-02-15	161	2.0175116419480084	7.2418666928030735
44972	2023-02-16	160	2.0015315366299458	7.184506036217903
44973	2023-02-17	158	1.9844578747594517	7.123220053697016
44974	2023-02-18	158	1.9844578747594517	7.123220053697016
44975	2023-02-19	157	1.9721858715711973	7.079169645612539
44976	2023-02-20	156	1.9603772001582211	7.036782368922865
44977	2023-02-21	153	1.9605856648858915	7.037530653957039
44978	2023-02-22	151	1.9424973073924152	6.972602417144963
44979	2023-02-23	150	1.9273365808449294	6.918182924171468
44980	2023-02-24	148	1.9100228305367795	6.856035143173766
44981	2023-02-25	148	1.9100228305367795	6.856035143173766
44982	2023-02-26	147	1.8948409498497756	6.801539717325731
44983	2023-02-27	146	1.8831827649827113	6.759692612738115
44984	2023-02-28	143	1.871320554109044	6.717113155924635
